6.000976562500000000e-01 2.744000000000000000e+03 2.748000000000000000e+03 2.711000000000000000e+03 2.748000000000000000e+03 5.060043668122270466e-01 9.985443959243085477e-01 9.865356622998544545e-01
6.049804687500000000e-01 2.741000000000000000e+03 2.748000000000000000e+03 2.705000000000000000e+03 2.748000000000000000e+03 5.065502183406113135e-01 9.974526928675400139e-01 9.843522561863172760e-01
6.098632812500000000e-01 2.737000000000000000e+03 2.748000000000000000e+03 2.692000000000000000e+03 2.748000000000000000e+03 5.081877729257642251e-01 9.959970887918486726e-01 9.796215429403202224e-01
6.147460937500000000e-01 2.732000000000000000e+03 2.748000000000000000e+03 2.677000000000000000e+03 2.748000000000000000e+03 5.100072780203784850e-01 9.941775836972343017e-01 9.741630276564774427e-01
6.196289062500000000e-01 2.726000000000000000e+03 2.748000000000000000e+03 2.665000000000000000e+03 2.748000000000000000e+03 5.110989810771470188e-01 9.919941775836972342e-01 9.697962154294031967e-01
6.245117187500000000e-01 2.724000000000000000e+03 2.748000000000000000e+03 2.648000000000000000e+03 2.748000000000000000e+03 5.138282387190684641e-01 9.912663755458515080e-01 9.636098981077146908e-01
6.293945312500000000e-01 2.717000000000000000e+03 2.748000000000000000e+03 2.628000000000000000e+03 2.748000000000000000e+03 5.161935953420669909e-01 9.887190684133915219e-01 9.563318777292576511e-01
6.342773437500000000e-01 2.706000000000000000e+03 2.748000000000000000e+03 2.612000000000000000e+03 2.748000000000000000e+03 5.171033478893740654e-01 9.847161572052401945e-01 9.505094614264919528e-01
6.391601562500000000e-01 2.697000000000000000e+03 2.748000000000000000e+03 2.586000000000000000e+03 2.748000000000000000e+03 5.201965065502183183e-01 9.814410480349344823e-01 9.410480349344978457e-01
6.440429687500000000e-01 2.677000000000000000e+03 2.748000000000000000e+03 2.555000000000000000e+03 2.748000000000000000e+03 5.221979621542940375e-01 9.741630276564774427e-01 9.297671033478893676e-01
6.489257812500000000e-01 2.657000000000000000e+03 2.748000000000000000e+03 2.525000000000000000e+03 2.748000000000000000e+03 5.240174672489082974e-01 9.668850072780204030e-01 9.188500727802038082e-01
6.538085937500000000e-01 2.645000000000000000e+03 2.748000000000000000e+03 2.490000000000000000e+03 2.748000000000000000e+03 5.282023289665210841e-01 9.625181950509461570e-01 9.061135371179038778e-01
6.586914062500000000e-01 2.630000000000000000e+03 2.748000000000000000e+03 2.447000000000000000e+03 2.748000000000000000e+03 5.332969432314410563e-01 9.570596797671033773e-01 8.904657933042212647e-01
6.635742187500000000e-01 2.610000000000000000e+03 2.748000000000000000e+03 2.405000000000000000e+03 2.748000000000000000e+03 5.372998544395923837e-01 9.497816593886463377e-01 8.751819505094614593e-01
6.684570312500000000e-01 2.589000000000000000e+03 2.748000000000000000e+03 2.357000000000000000e+03 2.748000000000000000e+03 5.422125181950508965e-01 9.421397379912663794e-01 8.577147016011644753e-01
6.733398437500000000e-01 2.565000000000000000e+03 2.748000000000000000e+03 2.309000000000000000e+03 2.748000000000000000e+03 5.465793304221251425e-01 9.334061135371178874e-01 8.402474526928674914e-01
6.782226562500000000e-01 2.538000000000000000e+03 2.748000000000000000e+03 2.268000000000000000e+03 2.748000000000000000e+03 5.491266375545851286e-01 9.235807860262008617e-01 8.253275109170306045e-01
6.831054687500000000e-01 2.504000000000000000e+03 2.748000000000000000e+03 2.191000000000000000e+03 2.748000000000000000e+03 5.569505094614265461e-01 9.112081513828238499e-01 7.973071324599708687e-01
6.879882812500000000e-01 2.465000000000000000e+03 2.748000000000000000e+03 2.131000000000000000e+03 2.748000000000000000e+03 5.607714701601164142e-01 8.970160116448325782e-01 7.754730713245997498e-01
6.928710937500000000e-01 2.434000000000000000e+03 2.748000000000000000e+03 2.050000000000000000e+03 2.748000000000000000e+03 5.698689956331878248e-01 8.857350800582242112e-01 7.459970887918486726e-01
6.977539062500000000e-01 2.375000000000000000e+03 2.748000000000000000e+03 1.984000000000000000e+03 2.748000000000000000e+03 5.711426491994177068e-01 8.642649199417757888e-01 7.219796215429403752e-01
7.026367187500000000e-01 2.327000000000000000e+03 2.748000000000000000e+03 1.895000000000000000e+03 2.748000000000000000e+03 5.786026200873362058e-01 8.467976710334789159e-01 6.895924308588063933e-01
7.075195312500000000e-01 2.267000000000000000e+03 2.748000000000000000e+03 1.827000000000000000e+03 2.748000000000000000e+03 5.800582241630276581e-01 8.249636098981076859e-01 6.648471615720523697e-01
7.124023437500000000e-01 2.213000000000000000e+03 2.748000000000000000e+03 1.741000000000000000e+03 2.748000000000000000e+03 5.858806404657933564e-01 8.053129548762736345e-01 6.335516739446870327e-01
7.172851562500000000e-01 2.155000000000000000e+03 2.748000000000000000e+03 1.662000000000000000e+03 2.748000000000000000e+03 5.897016011644832245e-01 7.842066957787481307e-01 6.048034934497816817e-01
7.221679687500000000e-01 2.102000000000000000e+03 2.748000000000000000e+03 1.569000000000000000e+03 2.748000000000000000e+03 5.969796215429403752e-01 7.649199417758369979e-01 5.709606986899563585e-01
7.270507812500000000e-01 2.055000000000000000e+03 2.748000000000000000e+03 1.485000000000000000e+03 2.748000000000000000e+03 6.037117903930131479e-01 7.478165938864629325e-01 5.403930131004366366e-01
7.319335937500000000e-01 1.996000000000000000e+03 2.748000000000000000e+03 1.396000000000000000e+03 2.748000000000000000e+03 6.091703056768559277e-01 7.263464337700145101e-01 5.080058224163027658e-01
7.368164062500000000e-01 1.949000000000000000e+03 2.748000000000000000e+03 1.320000000000000000e+03 2.748000000000000000e+03 6.144468704512372481e-01 7.092430858806404448e-01 4.803493449781659486e-01
7.416992187500000000e-01 1.885000000000000000e+03 2.748000000000000000e+03 1.217000000000000000e+03 2.748000000000000000e+03 6.215429403202329395e-01 6.859534206695778735e-01 4.428675400291121056e-01
7.465820312500000000e-01 1.819000000000000000e+03 2.748000000000000000e+03 1.117000000000000000e+03 2.748000000000000000e+03 6.277292576419214454e-01 6.619359534206695761e-01 4.064774381368267964e-01
7.514648437500000000e-01 1.748000000000000000e+03 2.748000000000000000e+03 1.024000000000000000e+03 2.748000000000000000e+03 6.317321688500727728e-01 6.360989810771470188e-01 3.726346433770014732e-01
7.563476562500000000e-01 1.667000000000000000e+03 2.748000000000000000e+03 9.270000000000000000e+02 2.748000000000000000e+03 6.346433770014555664e-01 6.066229985443959416e-01 3.373362445414846977e-01
7.612304687500000000e-01 1.594000000000000000e+03 2.748000000000000000e+03 8.520000000000000000e+02 2.748000000000000000e+03 6.350072780203784850e-01 5.800582241630276581e-01 3.100436681222707436e-01
7.661132812500000000e-01 1.512000000000000000e+03 2.748000000000000000e+03 7.740000000000000000e+02 2.748000000000000000e+03 6.342794759825327588e-01 5.502183406113536623e-01 2.816593886462882002e-01
7.709960937500000000e-01 1.434000000000000000e+03 2.748000000000000000e+03 6.980000000000000000e+02 2.748000000000000000e+03 6.339155749636099513e-01 5.218340611353712299e-01 2.540029112081513829e-01
7.758789062500000000e-01 1.346000000000000000e+03 2.748000000000000000e+03 6.160000000000000000e+02 2.748000000000000000e+03 6.328238719068413065e-01 4.898107714701601112e-01 2.241630276564774427e-01
7.807617187500000000e-01 1.271000000000000000e+03 2.748000000000000000e+03 5.450000000000000000e+02 2.748000000000000000e+03 6.320960698689955803e-01 4.625181950509461570e-01 1.983260553129548853e-01
7.856445312500000000e-01 1.179000000000000000e+03 2.748000000000000000e+03 4.860000000000000000e+02 2.748000000000000000e+03 6.260917030567685337e-01 4.290393013100436415e-01 1.768558951965065462e-01
7.905273437500000000e-01 1.108000000000000000e+03 2.748000000000000000e+03 4.340000000000000000e+02 2.748000000000000000e+03 6.226346433770014732e-01 4.032023289665210841e-01 1.579330422125181932e-01
7.954101562500000000e-01 1.039000000000000000e+03 2.748000000000000000e+03 3.840000000000000000e+02 2.748000000000000000e+03 6.191775836972343017e-01 3.780931586608442529e-01 1.397379912663755386e-01
8.002929687500000000e-01 9.640000000000000000e+02 2.748000000000000000e+03 3.320000000000000000e+02 2.748000000000000000e+03 6.149927219796215150e-01 3.508005822416302988e-01 1.208151382823871856e-01
8.051757812500000000e-01 8.890000000000000000e+02 2.748000000000000000e+03 2.870000000000000000e+02 2.748000000000000000e+03 6.095342066957787353e-01 3.235080058224162891e-01 1.044395924308588047e-01
8.100585937500000000e-01 8.270000000000000000e+02 2.748000000000000000e+03 2.430000000000000000e+02 2.748000000000000000e+03 6.062590975254730230e-01 3.009461426491994440e-01 8.842794759825327311e-02
8.149414062500000000e-01 7.410000000000000000e+02 2.748000000000000000e+03 2.150000000000000000e+02 2.748000000000000000e+03 5.957059679767103821e-01 2.696506550218340514e-01 7.823871906841339818e-02
8.198242187500000000e-01 6.890000000000000000e+02 2.748000000000000000e+03 1.940000000000000000e+02 2.748000000000000000e+03 5.900655021834061431e-01 2.507278020378457262e-01 7.059679767103348158e-02
8.247070312500000000e-01 6.310000000000000000e+02 2.748000000000000000e+03 1.700000000000000000e+02 2.748000000000000000e+03 5.838791848617176372e-01 2.296215429403202224e-01 6.186317321688501042e-02
8.295898437500000000e-01 5.700000000000000000e+02 2.748000000000000000e+03 1.460000000000000000e+02 2.748000000000000000e+03 5.771470160116448644e-01 2.074235807860262126e-01 5.312954876273653232e-02
8.344726562500000000e-01 5.120000000000000000e+02 2.748000000000000000e+03 1.280000000000000000e+02 2.748000000000000000e+03 5.698689956331878248e-01 1.863173216885007366e-01 4.657933042212518415e-02
8.393554687500000000e-01 4.670000000000000000e+02 2.748000000000000000e+03 9.900000000000000000e+01 2.748000000000000000e+03 5.669577874818049201e-01 1.699417758369723419e-01 3.602620087336244614e-02
8.442382812500000000e-01 4.380000000000000000e+02 2.748000000000000000e+03 8.100000000000000000e+01 2.748000000000000000e+03 5.649563318777293119e-01 1.593886462882096178e-01 2.947598253275109104e-02
8.491210937500000000e-01 4.060000000000000000e+02 2.748000000000000000e+03 6.700000000000000000e+01 2.748000000000000000e+03 5.616812227074235997e-01 1.477438136826783044e-01 2.438136826783115010e-02
8.540039062500000000e-01 3.660000000000000000e+02 2.748000000000000000e+03 5.500000000000000000e+01 2.748000000000000000e+03 5.565866084425036275e-01 1.331877729257641974e-01 2.001455604075691452e-02
8.588867187500000000e-01 3.330000000000000000e+02 2.748000000000000000e+03 3.500000000000000000e+01 2.748000000000000000e+03 5.542212518195051008e-01 1.211790393013100486e-01 1.273653566229985407e-02
8.637695312500000000e-01 3.110000000000000000e+02 2.748000000000000000e+03 2.400000000000000000e+01 2.748000000000000000e+03 5.522197962154293815e-01 1.131732168850072828e-01 8.733624454148471161e-03
8.686523437500000000e-01 2.840000000000000000e+02 2.748000000000000000e+03 2.000000000000000000e+01 2.748000000000000000e+03 5.480349344978165949e-01 1.033478893740902432e-01 7.278020378457059590e-03
8.735351562500000000e-01 2.540000000000000000e+02 2.748000000000000000e+03 1.300000000000000000e+01 2.748000000000000000e+03 5.438500727802038082e-01 9.243085880640465601e-02 4.730713245997089124e-03
8.784179687500000000e-01 2.380000000000000000e+02 2.748000000000000000e+03 9.000000000000000000e+00 2.748000000000000000e+03 5.416666666666666297e-01 8.660844250363901320e-02 3.275109170305676685e-03
8.833007812500000000e-01 2.110000000000000000e+02 2.748000000000000000e+03 7.000000000000000000e+00 2.748000000000000000e+03 5.371179039301310354e-01 7.678311499272197360e-02 2.547307132459970900e-03
8.881835937500000000e-01 1.800000000000000000e+02 2.748000000000000000e+03 2.000000000000000000e+00 2.748000000000000000e+03 5.323871906841338708e-01 6.550218340611353718e-02 7.278020378457060024e-04
8.930664062500000000e-01 1.510000000000000000e+02 2.748000000000000000e+03 2.000000000000000000e+00 2.748000000000000000e+03 5.271106259097525504e-01 5.494905385735079917e-02 7.278020378457060024e-04
