6.000976562500000000e-01 2.354000000000000000e+03 2.748000000000000000e+03 2.040000000000000000e+03 2.748000000000000000e+03 5.571324599708878944e-01 8.566229985443959416e-01 7.423580786026200418e-01
6.049804687500000000e-01 2.301000000000000000e+03 2.748000000000000000e+03 1.954000000000000000e+03 2.748000000000000000e+03 5.631368267831149410e-01 8.373362445414846977e-01 7.110625909752547047e-01
6.098632812500000000e-01 2.235000000000000000e+03 2.748000000000000000e+03 1.851000000000000000e+03 2.748000000000000000e+03 5.698689956331878248e-01 8.133187772925764003e-01 6.735807860262008617e-01
6.147460937500000000e-01 2.174000000000000000e+03 2.748000000000000000e+03 1.751000000000000000e+03 2.748000000000000000e+03 5.769650655021834051e-01 7.911208151382823628e-01 6.371906841339155525e-01
6.196289062500000000e-01 2.115000000000000000e+03 2.748000000000000000e+03 1.650000000000000000e+03 2.748000000000000000e+03 5.846069868995633634e-01 7.696506550218340514e-01 6.004366812227074357e-01
6.245117187500000000e-01 2.038000000000000000e+03 2.748000000000000000e+03 1.547000000000000000e+03 2.748000000000000000e+03 5.893377001455604169e-01 7.416302765647744266e-01 5.629548762736535927e-01
6.293945312500000000e-01 1.954000000000000000e+03 2.748000000000000000e+03 1.446000000000000000e+03 2.748000000000000000e+03 5.924308588064046699e-01 7.110625909752547047e-01 5.262008733624453649e-01
6.342773437500000000e-01 1.884000000000000000e+03 2.748000000000000000e+03 1.367000000000000000e+03 2.748000000000000000e+03 5.940684133915574705e-01 6.855895196506550660e-01 4.974526928675400139e-01
6.391601562500000000e-01 1.795000000000000000e+03 2.748000000000000000e+03 1.269000000000000000e+03 2.748000000000000000e+03 5.957059679767103821e-01 6.532023289665210841e-01 4.617903930131004309e-01
6.440429687500000000e-01 1.719000000000000000e+03 2.748000000000000000e+03 1.187000000000000000e+03 2.748000000000000000e+03 5.967976710334789159e-01 6.255458515283842669e-01 4.319505094614264906e-01
6.489257812500000000e-01 1.624000000000000000e+03 2.748000000000000000e+03 1.092000000000000000e+03 2.748000000000000000e+03 5.967976710334789159e-01 5.909752547307132176e-01 3.973799126637554413e-01
6.538085937500000000e-01 1.537000000000000000e+03 2.748000000000000000e+03 9.820000000000000000e+02 2.748000000000000000e+03 6.009825327510917026e-01 5.593158660844250729e-01 3.573508005822416123e-01
6.586914062500000000e-01 1.433000000000000000e+03 2.748000000000000000e+03 8.890000000000000000e+02 2.748000000000000000e+03 5.989810771470159834e-01 5.214701601164483113e-01 3.235080058224162891e-01
6.635742187500000000e-01 1.357000000000000000e+03 2.748000000000000000e+03 7.910000000000000000e+02 2.748000000000000000e+03 6.029839883551674218e-01 4.938136826783114941e-01 2.878457059679767061e-01
6.684570312500000000e-01 1.271000000000000000e+03 2.748000000000000000e+03 6.980000000000000000e+02 2.748000000000000000e+03 6.042576419213974148e-01 4.625181950509461570e-01 2.540029112081513829e-01
6.733398437500000000e-01 1.189000000000000000e+03 2.748000000000000000e+03 6.170000000000000000e+02 2.748000000000000000e+03 6.040756914119359555e-01 4.326783114992722168e-01 2.245269286754002780e-01
6.782226562500000000e-01 1.100000000000000000e+03 2.748000000000000000e+03 5.460000000000000000e+02 2.748000000000000000e+03 6.008005822416302433e-01 4.002911208151382905e-01 1.986899563318777207e-01
6.831054687500000000e-01 9.960000000000000000e+02 2.748000000000000000e+03 4.890000000000000000e+02 2.748000000000000000e+03 5.922489082969432106e-01 3.624454148471615844e-01 1.779475982532751077e-01
6.879882812500000000e-01 8.920000000000000000e+02 2.748000000000000000e+03 4.340000000000000000e+02 2.748000000000000000e+03 5.833333333333333703e-01 3.245997088791848784e-01 1.579330422125181932e-01
6.928710937500000000e-01 8.200000000000000000e+02 2.748000000000000000e+03 3.640000000000000000e+02 2.748000000000000000e+03 5.829694323144104517e-01 2.983988355167394579e-01 1.324599708879184989e-01
6.977539062500000000e-01 7.440000000000000000e+02 2.748000000000000000e+03 3.190000000000000000e+02 2.748000000000000000e+03 5.773289665211062127e-01 2.707423580786026407e-01 1.160844250363901042e-01
7.026367187500000000e-01 6.670000000000000000e+02 2.748000000000000000e+03 2.690000000000000000e+02 2.748000000000000000e+03 5.724163027656476999e-01 2.427219796215429326e-01 9.788937409024744962e-02
7.075195312500000000e-01 5.960000000000000000e+02 2.748000000000000000e+03 2.200000000000000000e+02 2.748000000000000000e+03 5.684133915574963725e-01 2.168850072780203753e-01 8.005822416302765809e-02
7.124023437500000000e-01 5.250000000000000000e+02 2.748000000000000000e+03 1.810000000000000000e+02 2.748000000000000000e+03 5.625909752547306741e-01 1.910480349344978179e-01 6.586608442503638638e-02
7.172851562500000000e-01 4.710000000000000000e+02 2.748000000000000000e+03 1.580000000000000000e+02 2.748000000000000000e+03 5.569505094614265461e-01 1.713973799126637665e-01 5.749636098981077137e-02
7.221679687500000000e-01 4.070000000000000000e+02 2.748000000000000000e+03 1.330000000000000000e+02 2.748000000000000000e+03 5.498544395924308548e-01 1.481077147016011675e-01 4.839883551673944406e-02
7.270507812500000000e-01 3.610000000000000000e+02 2.748000000000000000e+03 1.070000000000000000e+02 2.748000000000000000e+03 5.462154294032023349e-01 1.313682678311499374e-01 3.893740902474526755e-02
7.319335937500000000e-01 3.120000000000000000e+02 2.748000000000000000e+03 8.300000000000000000e+01 2.748000000000000000e+03 5.416666666666666297e-01 1.135371179039301320e-01 3.020378457059679639e-02
7.368164062500000000e-01 2.620000000000000000e+02 2.748000000000000000e+03 6.600000000000000000e+01 2.748000000000000000e+03 5.356622998544395831e-01 9.534206695778747742e-02 2.401746724890829743e-02
7.416992187500000000e-01 2.220000000000000000e+02 2.748000000000000000e+03 5.000000000000000000e+01 2.748000000000000000e+03 5.312954876273653371e-01 8.078602620087335651e-02 1.819505094614264767e-02
7.465820312500000000e-01 1.830000000000000000e+02 2.748000000000000000e+03 3.600000000000000000e+01 2.748000000000000000e+03 5.267467248908297428e-01 6.659388646288209868e-02 1.310043668122270674e-02
7.514648437500000000e-01 1.450000000000000000e+02 2.748000000000000000e+03 2.700000000000000000e+01 2.748000000000000000e+03 5.214701601164483113e-01 5.276564774381368311e-02 9.825327510917030924e-03
7.563476562500000000e-01 1.190000000000000000e+02 2.748000000000000000e+03 2.200000000000000000e+01 2.748000000000000000e+03 5.176491994177583322e-01 4.330422125181950660e-02 8.005822416302765809e-03
7.612304687500000000e-01 9.400000000000000000e+01 2.748000000000000000e+03 1.500000000000000000e+01 2.748000000000000000e+03 5.143740902474527310e-01 3.420669577874817929e-02 5.458515283842794476e-03
7.661132812500000000e-01 7.500000000000000000e+01 2.748000000000000000e+03 1.000000000000000000e+01 2.748000000000000000e+03 5.118267831149927449e-01 2.729257641921397498e-02 3.639010189228529795e-03
7.709960937500000000e-01 6.500000000000000000e+01 2.748000000000000000e+03 9.000000000000000000e+00 2.748000000000000000e+03 5.101892285298398333e-01 2.365356622998544475e-02 3.275109170305676685e-03
7.758789062500000000e-01 5.200000000000000000e+01 2.748000000000000000e+03 3.000000000000000000e+00 2.748000000000000000e+03 5.089155749636099513e-01 1.892285298398835650e-02 1.091703056768558895e-03
7.807617187500000000e-01 4.600000000000000000e+01 2.748000000000000000e+03 2.000000000000000000e+00 2.748000000000000000e+03 5.080058224163027658e-01 1.673944687045123697e-02 7.278020378457060024e-04
7.856445312500000000e-01 2.900000000000000000e+01 2.748000000000000000e+03 1.000000000000000000e+00 2.748000000000000000e+03 5.050946142649199722e-01 1.055312954876273628e-02 3.639010189228530012e-04
7.905273437500000000e-01 2.300000000000000000e+01 2.748000000000000000e+03 1.000000000000000000e+00 2.748000000000000000e+03 5.040029112081513274e-01 8.369723435225618485e-03 3.639010189228530012e-04
7.954101562500000000e-01 1.800000000000000000e+01 2.748000000000000000e+03 0.000000000000000000e+00 2.748000000000000000e+03 5.032751091703057122e-01 6.550218340611353371e-03 0.000000000000000000e+00
8.002929687500000000e-01 1.300000000000000000e+01 2.748000000000000000e+03 0.000000000000000000e+00 2.748000000000000000e+03 5.023653566229985268e-01 4.730713245997089124e-03 0.000000000000000000e+00
8.051757812500000000e-01 1.100000000000000000e+01 2.748000000000000000e+03 0.000000000000000000e+00 2.748000000000000000e+03 5.020014556040757192e-01 4.002911208151382905e-03 0.000000000000000000e+00
8.100585937500000000e-01 6.000000000000000000e+00 2.748000000000000000e+03 0.000000000000000000e+00 2.748000000000000000e+03 5.010917030567685337e-01 2.183406113537117790e-03 0.000000000000000000e+00
8.149414062500000000e-01 5.000000000000000000e+00 2.748000000000000000e+03 0.000000000000000000e+00 2.748000000000000000e+03 5.009097525473071855e-01 1.819505094614264898e-03 0.000000000000000000e+00
8.198242187500000000e-01 3.000000000000000000e+00 2.748000000000000000e+03 0.000000000000000000e+00 2.748000000000000000e+03 5.005458515283842669e-01 1.091703056768558895e-03 0.000000000000000000e+00
8.247070312500000000e-01 2.000000000000000000e+00 2.748000000000000000e+03 0.000000000000000000e+00 2.748000000000000000e+03 5.003639010189228076e-01 7.278020378457060024e-04 0.000000000000000000e+00
8.295898437500000000e-01 1.000000000000000000e+00 2.748000000000000000e+03 0.000000000000000000e+00 2.748000000000000000e+03 5.001819505094614593e-01 3.639010189228530012e-04 0.000000000000000000e+00
8.344726562500000000e-01 1.000000000000000000e+00 2.748000000000000000e+03 0.000000000000000000e+00 2.748000000000000000e+03 5.001819505094614593e-01 3.639010189228530012e-04 0.000000000000000000e+00
8.393554687500000000e-01 1.000000000000000000e+00 2.748000000000000000e+03 0.000000000000000000e+00 2.748000000000000000e+03 5.001819505094614593e-01 3.639010189228530012e-04 0.000000000000000000e+00
8.442382812500000000e-01 0.000000000000000000e+00 2.748000000000000000e+03 0.000000000000000000e+00 2.748000000000000000e+03 5.000000000000000000e-01 0.000000000000000000e+00 0.000000000000000000e+00
8.491210937500000000e-01 0.000000000000000000e+00 2.748000000000000000e+03 0.000000000000000000e+00 2.748000000000000000e+03 5.000000000000000000e-01 0.000000000000000000e+00 0.000000000000000000e+00
8.540039062500000000e-01 0.000000000000000000e+00 2.748000000000000000e+03 0.000000000000000000e+00 2.748000000000000000e+03 5.000000000000000000e-01 0.000000000000000000e+00 0.000000000000000000e+00
8.588867187500000000e-01 0.000000000000000000e+00 2.748000000000000000e+03 0.000000000000000000e+00 2.748000000000000000e+03 5.000000000000000000e-01 0.000000000000000000e+00 0.000000000000000000e+00
8.637695312500000000e-01 0.000000000000000000e+00 2.748000000000000000e+03 0.000000000000000000e+00 2.748000000000000000e+03 5.000000000000000000e-01 0.000000000000000000e+00 0.000000000000000000e+00
8.686523437500000000e-01 0.000000000000000000e+00 2.748000000000000000e+03 0.000000000000000000e+00 2.748000000000000000e+03 5.000000000000000000e-01 0.000000000000000000e+00 0.000000000000000000e+00
8.735351562500000000e-01 0.000000000000000000e+00 2.748000000000000000e+03 0.000000000000000000e+00 2.748000000000000000e+03 5.000000000000000000e-01 0.000000000000000000e+00 0.000000000000000000e+00
8.784179687500000000e-01 0.000000000000000000e+00 2.748000000000000000e+03 0.000000000000000000e+00 2.748000000000000000e+03 5.000000000000000000e-01 0.000000000000000000e+00 0.000000000000000000e+00
8.833007812500000000e-01 0.000000000000000000e+00 2.748000000000000000e+03 0.000000000000000000e+00 2.748000000000000000e+03 5.000000000000000000e-01 0.000000000000000000e+00 0.000000000000000000e+00
8.881835937500000000e-01 0.000000000000000000e+00 2.748000000000000000e+03 0.000000000000000000e+00 2.748000000000000000e+03 5.000000000000000000e-01 0.000000000000000000e+00 0.000000000000000000e+00
8.930664062500000000e-01 0.000000000000000000e+00 2.748000000000000000e+03 0.000000000000000000e+00 2.748000000000000000e+03 5.000000000000000000e-01 0.000000000000000000e+00 0.000000000000000000e+00
