3.999023437500000000e-01 2.748000000000000000e+03 2.748000000000000000e+03 2.748000000000000000e+03 2.748000000000000000e+03 5.000000000000000000e-01 1.000000000000000000e+00 1.000000000000000000e+00
4.050292968750000000e-01 2.748000000000000000e+03 2.748000000000000000e+03 2.748000000000000000e+03 2.748000000000000000e+03 5.000000000000000000e-01 1.000000000000000000e+00 1.000000000000000000e+00
4.101562500000000000e-01 2.748000000000000000e+03 2.748000000000000000e+03 2.748000000000000000e+03 2.748000000000000000e+03 5.000000000000000000e-01 1.000000000000000000e+00 1.000000000000000000e+00
4.152832031250000000e-01 2.748000000000000000e+03 2.748000000000000000e+03 2.748000000000000000e+03 2.748000000000000000e+03 5.000000000000000000e-01 1.000000000000000000e+00 1.000000000000000000e+00
4.204101562500000000e-01 2.748000000000000000e+03 2.748000000000000000e+03 2.748000000000000000e+03 2.748000000000000000e+03 5.000000000000000000e-01 1.000000000000000000e+00 1.000000000000000000e+00
4.255371093750000000e-01 2.748000000000000000e+03 2.748000000000000000e+03 2.748000000000000000e+03 2.748000000000000000e+03 5.000000000000000000e-01 1.000000000000000000e+00 1.000000000000000000e+00
4.306640625000000000e-01 2.748000000000000000e+03 2.748000000000000000e+03 2.748000000000000000e+03 2.748000000000000000e+03 5.000000000000000000e-01 1.000000000000000000e+00 1.000000000000000000e+00
4.357910156250000000e-01 2.748000000000000000e+03 2.748000000000000000e+03 2.748000000000000000e+03 2.748000000000000000e+03 5.000000000000000000e-01 1.000000000000000000e+00 1.000000000000000000e+00
4.409179687500000000e-01 2.748000000000000000e+03 2.748000000000000000e+03 2.748000000000000000e+03 2.748000000000000000e+03 5.000000000000000000e-01 1.000000000000000000e+00 1.000000000000000000e+00
4.460449218750000000e-01 2.748000000000000000e+03 2.748000000000000000e+03 2.748000000000000000e+03 2.748000000000000000e+03 5.000000000000000000e-01 1.000000000000000000e+00 1.000000000000000000e+00
4.511718750000000000e-01 2.748000000000000000e+03 2.748000000000000000e+03 2.748000000000000000e+03 2.748000000000000000e+03 5.000000000000000000e-01 1.000000000000000000e+00 1.000000000000000000e+00
4.562988281250000000e-01 2.748000000000000000e+03 2.748000000000000000e+03 2.748000000000000000e+03 2.748000000000000000e+03 5.000000000000000000e-01 1.000000000000000000e+00 1.000000000000000000e+00
4.614257812500000000e-01 2.748000000000000000e+03 2.748000000000000000e+03 2.748000000000000000e+03 2.748000000000000000e+03 5.000000000000000000e-01 1.000000000000000000e+00 1.000000000000000000e+00
4.665527343750000000e-01 2.748000000000000000e+03 2.748000000000000000e+03 2.748000000000000000e+03 2.748000000000000000e+03 5.000000000000000000e-01 1.000000000000000000e+00 1.000000000000000000e+00
4.716796875000000000e-01 2.748000000000000000e+03 2.748000000000000000e+03 2.748000000000000000e+03 2.748000000000000000e+03 5.000000000000000000e-01 1.000000000000000000e+00 1.000000000000000000e+00
4.768066406250000000e-01 2.748000000000000000e+03 2.748000000000000000e+03 2.748000000000000000e+03 2.748000000000000000e+03 5.000000000000000000e-01 1.000000000000000000e+00 1.000000000000000000e+00
4.819335937500000000e-01 2.748000000000000000e+03 2.748000000000000000e+03 2.748000000000000000e+03 2.748000000000000000e+03 5.000000000000000000e-01 1.000000000000000000e+00 1.000000000000000000e+00
4.870605468750000000e-01 2.748000000000000000e+03 2.748000000000000000e+03 2.748000000000000000e+03 2.748000000000000000e+03 5.000000000000000000e-01 1.000000000000000000e+00 1.000000000000000000e+00
4.921875000000000000e-01 2.748000000000000000e+03 2.748000000000000000e+03 2.748000000000000000e+03 2.748000000000000000e+03 5.000000000000000000e-01 1.000000000000000000e+00 1.000000000000000000e+00
4.973144531250000000e-01 2.748000000000000000e+03 2.748000000000000000e+03 2.748000000000000000e+03 2.748000000000000000e+03 5.000000000000000000e-01 1.000000000000000000e+00 1.000000000000000000e+00
5.024414062500000000e-01 2.748000000000000000e+03 2.748000000000000000e+03 2.748000000000000000e+03 2.748000000000000000e+03 5.000000000000000000e-01 1.000000000000000000e+00 1.000000000000000000e+00
5.078125000000000000e-01 2.748000000000000000e+03 2.748000000000000000e+03 2.748000000000000000e+03 2.748000000000000000e+03 5.000000000000000000e-01 1.000000000000000000e+00 1.000000000000000000e+00
5.126953125000000000e-01 2.748000000000000000e+03 2.748000000000000000e+03 2.748000000000000000e+03 2.748000000000000000e+03 5.000000000000000000e-01 1.000000000000000000e+00 1.000000000000000000e+00
5.175781250000000000e-01 2.748000000000000000e+03 2.748000000000000000e+03 2.748000000000000000e+03 2.748000000000000000e+03 5.000000000000000000e-01 1.000000000000000000e+00 1.000000000000000000e+00
5.229492187500000000e-01 2.748000000000000000e+03 2.748000000000000000e+03 2.748000000000000000e+03 2.748000000000000000e+03 5.000000000000000000e-01 1.000000000000000000e+00 1.000000000000000000e+00
5.283203125000000000e-01 2.748000000000000000e+03 2.748000000000000000e+03 2.748000000000000000e+03 2.748000000000000000e+03 5.000000000000000000e-01 1.000000000000000000e+00 1.000000000000000000e+00
5.332031250000000000e-01 2.748000000000000000e+03 2.748000000000000000e+03 2.747000000000000000e+03 2.748000000000000000e+03 5.001819505094614593e-01 1.000000000000000000e+00 9.996360989810771924e-01
5.380859375000000000e-01 2.748000000000000000e+03 2.748000000000000000e+03 2.747000000000000000e+03 2.748000000000000000e+03 5.001819505094614593e-01 1.000000000000000000e+00 9.996360989810771924e-01
5.434570312500000000e-01 2.748000000000000000e+03 2.748000000000000000e+03 2.747000000000000000e+03 2.748000000000000000e+03 5.001819505094614593e-01 1.000000000000000000e+00 9.996360989810771924e-01
5.488281250000000000e-01 2.748000000000000000e+03 2.748000000000000000e+03 2.746000000000000000e+03 2.748000000000000000e+03 5.003639010189228076e-01 1.000000000000000000e+00 9.992721979621542738e-01
5.537109375000000000e-01 2.748000000000000000e+03 2.748000000000000000e+03 2.746000000000000000e+03 2.748000000000000000e+03 5.003639010189228076e-01 1.000000000000000000e+00 9.992721979621542738e-01
5.585937500000000000e-01 2.748000000000000000e+03 2.748000000000000000e+03 2.744000000000000000e+03 2.748000000000000000e+03 5.007278020378457262e-01 1.000000000000000000e+00 9.985443959243085477e-01
5.639648437500000000e-01 2.748000000000000000e+03 2.748000000000000000e+03 2.743000000000000000e+03 2.748000000000000000e+03 5.009097525473071855e-01 1.000000000000000000e+00 9.981804949053857401e-01
5.693359375000000000e-01 2.748000000000000000e+03 2.748000000000000000e+03 2.743000000000000000e+03 2.748000000000000000e+03 5.009097525473071855e-01 1.000000000000000000e+00 9.981804949053857401e-01
5.742187500000000000e-01 2.748000000000000000e+03 2.748000000000000000e+03 2.741000000000000000e+03 2.748000000000000000e+03 5.012736535662299930e-01 1.000000000000000000e+00 9.974526928675400139e-01
5.791015625000000000e-01 2.747000000000000000e+03 2.748000000000000000e+03 2.735000000000000000e+03 2.748000000000000000e+03 5.021834061135370675e-01 9.996360989810771924e-01 9.952692867540029464e-01
5.844726562500000000e-01 2.747000000000000000e+03 2.748000000000000000e+03 2.729000000000000000e+03 2.748000000000000000e+03 5.032751091703057122e-01 9.996360989810771924e-01 9.930858806404657679e-01
5.898437500000000000e-01 2.746000000000000000e+03 2.748000000000000000e+03 2.724000000000000000e+03 2.748000000000000000e+03 5.040029112081513274e-01 9.992721979621542738e-01 9.912663755458515080e-01
5.947265625000000000e-01 2.745000000000000000e+03 2.748000000000000000e+03 2.719000000000000000e+03 2.748000000000000000e+03 5.047307132459970536e-01 9.989082969432314663e-01 9.894468704512372481e-01
5.996093750000000000e-01 2.741000000000000000e+03 2.748000000000000000e+03 2.711000000000000000e+03 2.748000000000000000e+03 5.054585152838427797e-01 9.974526928675400139e-01 9.865356622998544545e-01
6.049804687500000000e-01 2.736000000000000000e+03 2.748000000000000000e+03 2.694000000000000000e+03 2.748000000000000000e+03 5.076419213973799582e-01 9.956331877729257540e-01 9.803493449781659486e-01
6.103515625000000000e-01 2.732000000000000000e+03 2.748000000000000000e+03 2.683000000000000000e+03 2.748000000000000000e+03 5.089155749636099513e-01 9.941775836972343017e-01 9.763464337700145101e-01
6.152343750000000000e-01 2.719000000000000000e+03 2.748000000000000000e+03 2.658000000000000000e+03 2.748000000000000000e+03 5.110989810771470188e-01 9.894468704512372481e-01 9.672489082969432106e-01
6.201171875000000000e-01 2.710000000000000000e+03 2.748000000000000000e+03 2.637000000000000000e+03 2.748000000000000000e+03 5.132823871906840862e-01 9.861717612809315359e-01 9.596069868995633634e-01
6.254882812500000000e-01 2.697000000000000000e+03 2.748000000000000000e+03 2.619000000000000000e+03 2.748000000000000000e+03 5.141921397379912717e-01 9.814410480349344823e-01 9.530567685589519389e-01
6.308593750000000000e-01 2.690000000000000000e+03 2.748000000000000000e+03 2.591000000000000000e+03 2.748000000000000000e+03 5.180131004366812508e-01 9.788937409024744962e-01 9.428675400291121056e-01
6.357421875000000000e-01 2.682000000000000000e+03 2.748000000000000000e+03 2.554000000000000000e+03 2.748000000000000000e+03 5.232896652110625713e-01 9.759825327510917026e-01 9.294032023289665601e-01
6.406250000000000000e-01 2.667000000000000000e+03 2.748000000000000000e+03 2.510000000000000000e+03 2.748000000000000000e+03 5.285662299854440027e-01 9.705240174672489228e-01 9.133915574963610284e-01
6.459960937500000000e-01 2.646000000000000000e+03 2.748000000000000000e+03 2.473000000000000000e+03 2.748000000000000000e+03 5.314774381368267964e-01 9.628820960698689646e-01 8.999272197962154829e-01
6.513671875000000000e-01 2.626000000000000000e+03 2.748000000000000000e+03 2.425000000000000000e+03 2.748000000000000000e+03 5.365720524017467685e-01 9.556040756914119250e-01 8.824599708879184989e-01
6.562500000000000000e-01 2.602000000000000000e+03 2.748000000000000000e+03 2.383000000000000000e+03 2.748000000000000000e+03 5.398471615720523697e-01 9.468704512372634330e-01 8.671761280931586935e-01
6.611328125000000000e-01 2.579000000000000000e+03 2.748000000000000000e+03 2.329000000000000000e+03 2.748000000000000000e+03 5.454876273653566088e-01 9.385007278020378596e-01 8.475254730713246420e-01
6.665039062500000000e-01 2.542000000000000000e+03 2.748000000000000000e+03 2.264000000000000000e+03 2.748000000000000000e+03 5.505822416302765809e-01 9.250363901018923141e-01 8.238719068413391522e-01
6.718750000000000000e-01 2.502000000000000000e+03 2.748000000000000000e+03 2.176000000000000000e+03 2.748000000000000000e+03 5.593158660844250729e-01 9.104803493449781238e-01 7.918486171761280890e-01
6.767578125000000000e-01 2.456000000000000000e+03 2.748000000000000000e+03 2.115000000000000000e+03 2.748000000000000000e+03 5.620451237263464073e-01 8.937409024745269770e-01 7.696506550218340514e-01
6.816406250000000000e-01 2.411000000000000000e+03 2.748000000000000000e+03 2.023000000000000000e+03 2.748000000000000000e+03 5.705967976710334399e-01 8.773653566229985268e-01 7.361717612809315359e-01
6.870117187500000000e-01 2.365000000000000000e+03 2.748000000000000000e+03 1.950000000000000000e+03 2.748000000000000000e+03 5.755094614264919528e-01 8.606259097525472690e-01 7.096069868995633634e-01
6.923828125000000000e-01 2.310000000000000000e+03 2.748000000000000000e+03 1.863000000000000000e+03 2.748000000000000000e+03 5.813318777292576511e-01 8.406113537117904100e-01 6.779475982532751077e-01
6.972656250000000000e-01 2.253000000000000000e+03 2.748000000000000000e+03 1.769000000000000000e+03 2.748000000000000000e+03 5.880640465793304239e-01 8.198689956331878248e-01 6.437409024745269770e-01
7.021484375000000000e-01 2.200000000000000000e+03 2.748000000000000000e+03 1.684000000000000000e+03 2.748000000000000000e+03 5.938864628820961222e-01 8.005822416302765809e-01 6.128093158660844475e-01
7.075195312500000000e-01 2.140000000000000000e+03 2.748000000000000000e+03 1.599000000000000000e+03 2.748000000000000000e+03 5.984352256186317165e-01 7.787481804949053510e-01 5.818777292576419180e-01
7.128906250000000000e-01 2.083000000000000000e+03 2.748000000000000000e+03 1.502000000000000000e+03 2.748000000000000000e+03 6.057132459970887561e-01 7.580058224163027658e-01 5.465793304221251425e-01
7.177734375000000000e-01 2.010000000000000000e+03 2.748000000000000000e+03 1.418000000000000000e+03 2.748000000000000000e+03 6.077147016011644753e-01 7.314410480349344823e-01 5.160116448326055316e-01
7.226562500000000000e-01 1.931000000000000000e+03 2.748000000000000000e+03 1.324000000000000000e+03 2.748000000000000000e+03 6.104439592430859207e-01 7.026928675400291313e-01 4.818049490538573454e-01
7.280273437500000000e-01 1.861000000000000000e+03 2.748000000000000000e+03 1.227000000000000000e+03 2.748000000000000000e+03 6.153566229985444336e-01 6.772197962154293815e-01 4.465065502183406254e-01
7.333984375000000000e-01 1.795000000000000000e+03 2.748000000000000000e+03 1.129000000000000000e+03 2.748000000000000000e+03 6.211790393013100209e-01 6.532023289665210841e-01 4.108442503639010424e-01
7.382812500000000000e-01 1.733000000000000000e+03 2.748000000000000000e+03 1.056000000000000000e+03 2.748000000000000000e+03 6.231804949053857401e-01 6.306404657933042390e-01 3.842794759825327588e-01
7.431640625000000000e-01 1.661000000000000000e+03 2.748000000000000000e+03 9.790000000000000000e+02 2.748000000000000000e+03 6.240902474526928145e-01 6.044395924308587631e-01 3.562590975254730785e-01
7.485351562500000000e-01 1.556000000000000000e+03 2.748000000000000000e+03 8.870000000000000000e+02 2.748000000000000000e+03 6.217248908296942878e-01 5.662299854439591940e-01 3.227802037845706185e-01
7.539062500000000000e-01 1.490000000000000000e+03 2.748000000000000000e+03 8.050000000000000000e+02 2.748000000000000000e+03 6.246360989810771924e-01 5.422125181950508965e-01 2.929403202328966782e-01
7.587890625000000000e-01 1.425000000000000000e+03 2.748000000000000000e+03 7.240000000000000000e+02 2.748000000000000000e+03 6.275473071324599861e-01 5.185589519650655177e-01 2.634643377001455455e-01
7.636718750000000000e-01 1.358000000000000000e+03 2.748000000000000000e+03 6.350000000000000000e+02 2.748000000000000000e+03 6.315502183406113135e-01 4.941775836972343572e-01 2.310771470160116470e-01
7.690429687500000000e-01 1.284000000000000000e+03 2.748000000000000000e+03 5.580000000000000000e+02 2.748000000000000000e+03 6.320960698689955803e-01 4.672489082969432106e-01 2.030567685589519666e-01
7.744140625000000000e-01 1.201000000000000000e+03 2.748000000000000000e+03 4.790000000000000000e+02 2.748000000000000000e+03 6.313682678311499652e-01 4.370451237263464073e-01 1.743085880640465879e-01
7.792968750000000000e-01 1.144000000000000000e+03 2.748000000000000000e+03 4.090000000000000000e+02 2.748000000000000000e+03 6.337336244541484920e-01 4.163027656477438221e-01 1.488355167394468659e-01
7.841796875000000000e-01 1.075000000000000000e+03 2.748000000000000000e+03 3.490000000000000000e+02 2.748000000000000000e+03 6.320960698689955803e-01 3.911935953420669354e-01 1.270014556040756915e-01
7.895507812500000000e-01 1.006000000000000000e+03 2.748000000000000000e+03 2.960000000000000000e+02 2.748000000000000000e+03 6.291848617176127867e-01 3.660844250363901042e-01 1.077147016011644892e-01
7.949218750000000000e-01 9.300000000000000000e+02 2.748000000000000000e+03 2.580000000000000000e+02 2.748000000000000000e+03 6.222707423580785546e-01 3.384279475982532870e-01 9.388646288209606672e-02
7.998046875000000000e-01 8.570000000000000000e+02 2.748000000000000000e+03 2.230000000000000000e+02 2.748000000000000000e+03 6.153566229985444336e-01 3.118631732168850035e-01 8.114992721979621959e-02
8.046875000000000000e-01 7.810000000000000000e+02 2.748000000000000000e+03 1.930000000000000000e+02 2.748000000000000000e+03 6.069868995633187492e-01 2.842066957787481862e-01 7.023289665211063237e-02
8.100585937500000000e-01 7.010000000000000000e+02 2.748000000000000000e+03 1.630000000000000000e+02 2.748000000000000000e+03 5.978893740902474496e-01 2.550946142649199166e-01 5.931586608442503822e-02
8.154296875000000000e-01 6.350000000000000000e+02 2.748000000000000000e+03 1.270000000000000000e+02 2.748000000000000000e+03 5.924308588064046699e-01 2.310771470160116470e-01 4.621542940320232801e-02
8.203125000000000000e-01 5.800000000000000000e+02 2.748000000000000000e+03 9.700000000000000000e+01 2.748000000000000000e+03 5.878820960698689646e-01 2.110625909752547325e-01 3.529839883551674079e-02
8.251953125000000000e-01 5.210000000000000000e+02 2.748000000000000000e+03 7.800000000000000000e+01 2.748000000000000000e+03 5.806040756914119250e-01 1.895924308588063933e-01 2.838427947598253301e-02
8.305664062500000000e-01 4.520000000000000000e+02 2.748000000000000000e+03 5.800000000000000000e+01 2.748000000000000000e+03 5.716885007278020847e-01 1.644832605531295622e-01 2.110625909752547255e-02
8.359375000000000000e-01 3.990000000000000000e+02 2.748000000000000000e+03 4.100000000000000000e+01 2.748000000000000000e+03 5.651382823871906602e-01 1.451965065502183461e-01 1.491994177583697186e-02
8.408203125000000000e-01 3.550000000000000000e+02 2.748000000000000000e+03 2.800000000000000000e+01 2.748000000000000000e+03 5.594978165938864212e-01 1.291848617176128144e-01 1.018922852983988360e-02
8.457031250000000000e-01 3.220000000000000000e+02 2.748000000000000000e+03 1.400000000000000000e+01 2.748000000000000000e+03 5.560407569141193607e-01 1.171761280931586657e-01 5.094614264919941800e-03
8.510742187500000000e-01 2.740000000000000000e+02 2.748000000000000000e+03 1.200000000000000000e+01 2.748000000000000000e+03 5.476710334788937873e-01 9.970887918486172341e-02 4.366812227074235581e-03
8.564453125000000000e-01 2.380000000000000000e+02 2.748000000000000000e+03 4.000000000000000000e+00 2.748000000000000000e+03 5.425764192139738151e-01 8.660844250363901320e-02 1.455604075691412005e-03
8.613281250000000000e-01 2.050000000000000000e+02 2.748000000000000000e+03 1.000000000000000000e+00 2.748000000000000000e+03 5.371179039301310354e-01 7.459970887918486449e-02 3.639010189228530012e-04
8.662109375000000000e-01 1.730000000000000000e+02 2.748000000000000000e+03 1.000000000000000000e+00 2.748000000000000000e+03 5.312954876273653371e-01 6.295487627365356498e-02 3.639010189228530012e-04
8.715820312500000000e-01 1.490000000000000000e+02 2.748000000000000000e+03 1.000000000000000000e+00 2.748000000000000000e+03 5.269286754002910911e-01 5.422125181950509382e-02 3.639010189228530012e-04
8.769531250000000000e-01 1.220000000000000000e+02 2.748000000000000000e+03 1.000000000000000000e+00 2.748000000000000000e+03 5.220160116448325782e-01 4.439592430858806116e-02 3.639010189228530012e-04
8.818359375000000000e-01 9.600000000000000000e+01 2.748000000000000000e+03 0.000000000000000000e+00 2.748000000000000000e+03 5.174672489082969840e-01 3.493449781659388464e-02 0.000000000000000000e+00
8.867187500000000000e-01 7.800000000000000000e+01 2.748000000000000000e+03 0.000000000000000000e+00 2.748000000000000000e+03 5.141921397379912717e-01 2.838427947598253301e-02 0.000000000000000000e+00
8.920898437500000000e-01 5.700000000000000000e+01 2.748000000000000000e+03 0.000000000000000000e+00 2.748000000000000000e+03 5.103711790393012926e-01 2.074235807860261988e-02 0.000000000000000000e+00
8.974609375000000000e-01 3.400000000000000000e+01 2.748000000000000000e+03 0.000000000000000000e+00 2.748000000000000000e+03 5.061863173216885059e-01 1.237263464337700139e-02 0.000000000000000000e+00
9.023437500000000000e-01 2.100000000000000000e+01 2.748000000000000000e+03 0.000000000000000000e+00 2.748000000000000000e+03 5.038209606986899791e-01 7.641921397379912266e-03 0.000000000000000000e+00
9.072265625000000000e-01 9.000000000000000000e+00 2.748000000000000000e+03 0.000000000000000000e+00 2.748000000000000000e+03 5.016375545851528006e-01 3.275109170305676685e-03 0.000000000000000000e+00
