3.999023437500000000e-01 2.748000000000000000e+03 2.748000000000000000e+03 2.748000000000000000e+03 2.748000000000000000e+03 5.000000000000000000e-01 1.000000000000000000e+00 1.000000000000000000e+00
4.050292968750000000e-01 2.748000000000000000e+03 2.748000000000000000e+03 2.748000000000000000e+03 2.748000000000000000e+03 5.000000000000000000e-01 1.000000000000000000e+00 1.000000000000000000e+00
4.101562500000000000e-01 2.748000000000000000e+03 2.748000000000000000e+03 2.748000000000000000e+03 2.748000000000000000e+03 5.000000000000000000e-01 1.000000000000000000e+00 1.000000000000000000e+00
4.152832031250000000e-01 2.748000000000000000e+03 2.748000000000000000e+03 2.748000000000000000e+03 2.748000000000000000e+03 5.000000000000000000e-01 1.000000000000000000e+00 1.000000000000000000e+00
4.204101562500000000e-01 2.748000000000000000e+03 2.748000000000000000e+03 2.748000000000000000e+03 2.748000000000000000e+03 5.000000000000000000e-01 1.000000000000000000e+00 1.000000000000000000e+00
4.255371093750000000e-01 2.748000000000000000e+03 2.748000000000000000e+03 2.748000000000000000e+03 2.748000000000000000e+03 5.000000000000000000e-01 1.000000000000000000e+00 1.000000000000000000e+00
4.306640625000000000e-01 2.748000000000000000e+03 2.748000000000000000e+03 2.748000000000000000e+03 2.748000000000000000e+03 5.000000000000000000e-01 1.000000000000000000e+00 1.000000000000000000e+00
4.357910156250000000e-01 2.748000000000000000e+03 2.748000000000000000e+03 2.748000000000000000e+03 2.748000000000000000e+03 5.000000000000000000e-01 1.000000000000000000e+00 1.000000000000000000e+00
4.409179687500000000e-01 2.748000000000000000e+03 2.748000000000000000e+03 2.748000000000000000e+03 2.748000000000000000e+03 5.000000000000000000e-01 1.000000000000000000e+00 1.000000000000000000e+00
4.460449218750000000e-01 2.748000000000000000e+03 2.748000000000000000e+03 2.748000000000000000e+03 2.748000000000000000e+03 5.000000000000000000e-01 1.000000000000000000e+00 1.000000000000000000e+00
4.511718750000000000e-01 2.748000000000000000e+03 2.748000000000000000e+03 2.748000000000000000e+03 2.748000000000000000e+03 5.000000000000000000e-01 1.000000000000000000e+00 1.000000000000000000e+00
4.562988281250000000e-01 2.748000000000000000e+03 2.748000000000000000e+03 2.748000000000000000e+03 2.748000000000000000e+03 5.000000000000000000e-01 1.000000000000000000e+00 1.000000000000000000e+00
4.614257812500000000e-01 2.748000000000000000e+03 2.748000000000000000e+03 2.748000000000000000e+03 2.748000000000000000e+03 5.000000000000000000e-01 1.000000000000000000e+00 1.000000000000000000e+00
4.665527343750000000e-01 2.748000000000000000e+03 2.748000000000000000e+03 2.748000000000000000e+03 2.748000000000000000e+03 5.000000000000000000e-01 1.000000000000000000e+00 1.000000000000000000e+00
4.716796875000000000e-01 2.748000000000000000e+03 2.748000000000000000e+03 2.748000000000000000e+03 2.748000000000000000e+03 5.000000000000000000e-01 1.000000000000000000e+00 1.000000000000000000e+00
4.768066406250000000e-01 2.748000000000000000e+03 2.748000000000000000e+03 2.748000000000000000e+03 2.748000000000000000e+03 5.000000000000000000e-01 1.000000000000000000e+00 1.000000000000000000e+00
4.819335937500000000e-01 2.748000000000000000e+03 2.748000000000000000e+03 2.748000000000000000e+03 2.748000000000000000e+03 5.000000000000000000e-01 1.000000000000000000e+00 1.000000000000000000e+00
4.870605468750000000e-01 2.748000000000000000e+03 2.748000000000000000e+03 2.748000000000000000e+03 2.748000000000000000e+03 5.000000000000000000e-01 1.000000000000000000e+00 1.000000000000000000e+00
4.921875000000000000e-01 2.748000000000000000e+03 2.748000000000000000e+03 2.748000000000000000e+03 2.748000000000000000e+03 5.000000000000000000e-01 1.000000000000000000e+00 1.000000000000000000e+00
4.973144531250000000e-01 2.748000000000000000e+03 2.748000000000000000e+03 2.748000000000000000e+03 2.748000000000000000e+03 5.000000000000000000e-01 1.000000000000000000e+00 1.000000000000000000e+00
5.024414062500000000e-01 2.748000000000000000e+03 2.748000000000000000e+03 2.748000000000000000e+03 2.748000000000000000e+03 5.000000000000000000e-01 1.000000000000000000e+00 1.000000000000000000e+00
5.078125000000000000e-01 2.748000000000000000e+03 2.748000000000000000e+03 2.748000000000000000e+03 2.748000000000000000e+03 5.000000000000000000e-01 1.000000000000000000e+00 1.000000000000000000e+00
5.126953125000000000e-01 2.748000000000000000e+03 2.748000000000000000e+03 2.748000000000000000e+03 2.748000000000000000e+03 5.000000000000000000e-01 1.000000000000000000e+00 1.000000000000000000e+00
5.175781250000000000e-01 2.748000000000000000e+03 2.748000000000000000e+03 2.748000000000000000e+03 2.748000000000000000e+03 5.000000000000000000e-01 1.000000000000000000e+00 1.000000000000000000e+00
5.229492187500000000e-01 2.748000000000000000e+03 2.748000000000000000e+03 2.748000000000000000e+03 2.748000000000000000e+03 5.000000000000000000e-01 1.000000000000000000e+00 1.000000000000000000e+00
5.283203125000000000e-01 2.748000000000000000e+03 2.748000000000000000e+03 2.748000000000000000e+03 2.748000000000000000e+03 5.000000000000000000e-01 1.000000000000000000e+00 1.000000000000000000e+00
5.332031250000000000e-01 2.748000000000000000e+03 2.748000000000000000e+03 2.748000000000000000e+03 2.748000000000000000e+03 5.000000000000000000e-01 1.000000000000000000e+00 1.000000000000000000e+00
5.380859375000000000e-01 2.748000000000000000e+03 2.748000000000000000e+03 2.748000000000000000e+03 2.748000000000000000e+03 5.000000000000000000e-01 1.000000000000000000e+00 1.000000000000000000e+00
5.434570312500000000e-01 2.748000000000000000e+03 2.748000000000000000e+03 2.748000000000000000e+03 2.748000000000000000e+03 5.000000000000000000e-01 1.000000000000000000e+00 1.000000000000000000e+00
5.488281250000000000e-01 2.748000000000000000e+03 2.748000000000000000e+03 2.747000000000000000e+03 2.748000000000000000e+03 5.001819505094614593e-01 1.000000000000000000e+00 9.996360989810771924e-01
5.537109375000000000e-01 2.748000000000000000e+03 2.748000000000000000e+03 2.744000000000000000e+03 2.748000000000000000e+03 5.007278020378457262e-01 1.000000000000000000e+00 9.985443959243085477e-01
5.585937500000000000e-01 2.748000000000000000e+03 2.748000000000000000e+03 2.744000000000000000e+03 2.748000000000000000e+03 5.007278020378457262e-01 1.000000000000000000e+00 9.985443959243085477e-01
5.639648437500000000e-01 2.748000000000000000e+03 2.748000000000000000e+03 2.742000000000000000e+03 2.748000000000000000e+03 5.010917030567685337e-01 1.000000000000000000e+00 9.978165938864629325e-01
5.693359375000000000e-01 2.747000000000000000e+03 2.748000000000000000e+03 2.741000000000000000e+03 2.748000000000000000e+03 5.010917030567685337e-01 9.996360989810771924e-01 9.974526928675400139e-01
5.742187500000000000e-01 2.747000000000000000e+03 2.748000000000000000e+03 2.739000000000000000e+03 2.748000000000000000e+03 5.014556040756914523e-01 9.996360989810771924e-01 9.967248908296942878e-01
5.791015625000000000e-01 2.747000000000000000e+03 2.748000000000000000e+03 2.736000000000000000e+03 2.748000000000000000e+03 5.020014556040757192e-01 9.996360989810771924e-01 9.956331877729257540e-01
5.844726562500000000e-01 2.747000000000000000e+03 2.748000000000000000e+03 2.736000000000000000e+03 2.748000000000000000e+03 5.020014556040757192e-01 9.996360989810771924e-01 9.956331877729257540e-01
5.898437500000000000e-01 2.746000000000000000e+03 2.748000000000000000e+03 2.730000000000000000e+03 2.748000000000000000e+03 5.029112081513827937e-01 9.992721979621542738e-01 9.934497816593886865e-01
5.947265625000000000e-01 2.744000000000000000e+03 2.748000000000000000e+03 2.723000000000000000e+03 2.748000000000000000e+03 5.038209606986899791e-01 9.985443959243085477e-01 9.909024745269287004e-01
5.996093750000000000e-01 2.741000000000000000e+03 2.748000000000000000e+03 2.718000000000000000e+03 2.748000000000000000e+03 5.041848617176127867e-01 9.974526928675400139e-01 9.890829694323144405e-01
6.049804687500000000e-01 2.738000000000000000e+03 2.748000000000000000e+03 2.714000000000000000e+03 2.748000000000000000e+03 5.043668122270742460e-01 9.963609898107714802e-01 9.876273653566229882e-01
6.103515625000000000e-01 2.731000000000000000e+03 2.748000000000000000e+03 2.696000000000000000e+03 2.748000000000000000e+03 5.063682678311499652e-01 9.938136826783114941e-01 9.810771470160116747e-01
6.152343750000000000e-01 2.728000000000000000e+03 2.748000000000000000e+03 2.673000000000000000e+03 2.748000000000000000e+03 5.100072780203784850e-01 9.927219796215429604e-01 9.727074235807859903e-01
6.201171875000000000e-01 2.722000000000000000e+03 2.748000000000000000e+03 2.646000000000000000e+03 2.748000000000000000e+03 5.138282387190684641e-01 9.905385735080057819e-01 9.628820960698689646e-01
6.254882812500000000e-01 2.712000000000000000e+03 2.748000000000000000e+03 2.628000000000000000e+03 2.748000000000000000e+03 5.152838427947598055e-01 9.868995633187772620e-01 9.563318777292576511e-01
6.308593750000000000e-01 2.697000000000000000e+03 2.748000000000000000e+03 2.605000000000000000e+03 2.748000000000000000e+03 5.167394468704512578e-01 9.814410480349344823e-01 9.479621542940320778e-01
6.357421875000000000e-01 2.685000000000000000e+03 2.748000000000000000e+03 2.566000000000000000e+03 2.748000000000000000e+03 5.216521106259097706e-01 9.770742358078602363e-01 9.337700145560408060e-01
6.406250000000000000e-01 2.661000000000000000e+03 2.748000000000000000e+03 2.538000000000000000e+03 2.748000000000000000e+03 5.223799126637554968e-01 9.683406113537117443e-01 9.235807860262008617e-01
6.459960937500000000e-01 2.632000000000000000e+03 2.748000000000000000e+03 2.499000000000000000e+03 2.748000000000000000e+03 5.241994177583697567e-01 9.577874818049491035e-01 9.093886462882095900e-01
6.513671875000000000e-01 2.613000000000000000e+03 2.748000000000000000e+03 2.459000000000000000e+03 2.748000000000000000e+03 5.280203784570596248e-01 9.508733624454148714e-01 8.948326055312955107e-01
6.562500000000000000e-01 2.590000000000000000e+03 2.748000000000000000e+03 2.399000000000000000e+03 2.748000000000000000e+03 5.347525473071325086e-01 9.425036390101891870e-01 8.729985443959242808e-01
6.611328125000000000e-01 2.571000000000000000e+03 2.748000000000000000e+03 2.347000000000000000e+03 2.748000000000000000e+03 5.407569141193595552e-01 9.355895196506550660e-01 8.540756914119359555e-01
6.665039062500000000e-01 2.535000000000000000e+03 2.748000000000000000e+03 2.286000000000000000e+03 2.748000000000000000e+03 5.453056768558951495e-01 9.224890829694323280e-01 8.318777292576419180e-01
6.718750000000000000e-01 2.504000000000000000e+03 2.748000000000000000e+03 2.224000000000000000e+03 2.748000000000000000e+03 5.509461426491993885e-01 9.112081513828238499e-01 8.093158660844250729e-01
6.767578125000000000e-01 2.468000000000000000e+03 2.748000000000000000e+03 2.157000000000000000e+03 2.748000000000000000e+03 5.565866084425036275e-01 8.981077147016011120e-01 7.849344978165938569e-01
6.816406250000000000e-01 2.429000000000000000e+03 2.748000000000000000e+03 2.082000000000000000e+03 2.748000000000000000e+03 5.631368267831149410e-01 8.839155749636099513e-01 7.576419213973799582e-01
6.870117187500000000e-01 2.395000000000000000e+03 2.748000000000000000e+03 2.020000000000000000e+03 2.748000000000000000e+03 5.682314410480349132e-01 8.715429403202329395e-01 7.350800582241630021e-01
6.923828125000000000e-01 2.330000000000000000e+03 2.748000000000000000e+03 1.924000000000000000e+03 2.748000000000000000e+03 5.738719068413391522e-01 8.478893740902474496e-01 7.001455604075691452e-01
6.972656250000000000e-01 2.281000000000000000e+03 2.748000000000000000e+03 1.854000000000000000e+03 2.748000000000000000e+03 5.776928675400291313e-01 8.300582241630276581e-01 6.746724890829693955e-01
7.021484375000000000e-01 2.230000000000000000e+03 2.748000000000000000e+03 1.786000000000000000e+03 2.748000000000000000e+03 5.807860262008733843e-01 8.114992721979621404e-01 6.499272197962154829e-01
7.075195312500000000e-01 2.173000000000000000e+03 2.748000000000000000e+03 1.695000000000000000e+03 2.748000000000000000e+03 5.869723435225618902e-01 7.907569141193595552e-01 6.168122270742357749e-01
7.128906250000000000e-01 2.114000000000000000e+03 2.748000000000000000e+03 1.616000000000000000e+03 2.748000000000000000e+03 5.906113537117904100e-01 7.692867540029112439e-01 5.880640465793304239e-01
7.177734375000000000e-01 2.053000000000000000e+03 2.748000000000000000e+03 1.539000000000000000e+03 2.748000000000000000e+03 5.935225618631732036e-01 7.470887918486172063e-01 5.600436681222706881e-01
7.226562500000000000e-01 1.991000000000000000e+03 2.748000000000000000e+03 1.458000000000000000e+03 2.748000000000000000e+03 5.969796215429403752e-01 7.245269286754002502e-01 5.305676855895196109e-01
7.280273437500000000e-01 1.930000000000000000e+03 2.748000000000000000e+03 1.349000000000000000e+03 2.748000000000000000e+03 6.057132459970887561e-01 7.023289665211062127e-01 4.909024745269287004e-01
7.333984375000000000e-01 1.867000000000000000e+03 2.748000000000000000e+03 1.261000000000000000e+03 2.748000000000000000e+03 6.102620087336244614e-01 6.794032023289665601e-01 4.588791848617176372e-01
7.382812500000000000e-01 1.791000000000000000e+03 2.748000000000000000e+03 1.182000000000000000e+03 2.748000000000000000e+03 6.108078602620087283e-01 6.517467248908297428e-01 4.301310043668122307e-01
7.431640625000000000e-01 1.732000000000000000e+03 2.748000000000000000e+03 1.117000000000000000e+03 2.748000000000000000e+03 6.118995633187772620e-01 6.302765647743813204e-01 4.064774381368267964e-01
7.485351562500000000e-01 1.668000000000000000e+03 2.748000000000000000e+03 1.029000000000000000e+03 2.748000000000000000e+03 6.162663755458515080e-01 6.069868995633187492e-01 3.744541484716157331e-01
7.539062500000000000e-01 1.602000000000000000e+03 2.748000000000000000e+03 9.230000000000000000e+02 2.748000000000000000e+03 6.235443959243085477e-01 5.829694323144104517e-01 3.358806404657933009e-01
7.587890625000000000e-01 1.533000000000000000e+03 2.748000000000000000e+03 8.520000000000000000e+02 2.748000000000000000e+03 6.239082969432314663e-01 5.578602620087336206e-01 3.100436681222707436e-01
7.636718750000000000e-01 1.480000000000000000e+03 2.748000000000000000e+03 8.030000000000000000e+02 2.748000000000000000e+03 6.231804949053857401e-01 5.385735080058223767e-01 2.922125181950509520e-01
7.690429687500000000e-01 1.391000000000000000e+03 2.748000000000000000e+03 7.250000000000000000e+02 2.748000000000000000e+03 6.211790393013100209e-01 5.061863173216885059e-01 2.638282387190684086e-01
7.744140625000000000e-01 1.324000000000000000e+03 2.748000000000000000e+03 6.430000000000000000e+02 2.748000000000000000e+03 6.239082969432314663e-01 4.818049490538573454e-01 2.339883551673944684e-01
7.792968750000000000e-01 1.245000000000000000e+03 2.748000000000000000e+03 5.810000000000000000e+02 2.748000000000000000e+03 6.208151382823872133e-01 4.530567685589519389e-01 2.114264919941775955e-01
7.841796875000000000e-01 1.194000000000000000e+03 2.748000000000000000e+03 5.210000000000000000e+02 2.748000000000000000e+03 6.224526928675400139e-01 4.344978165938864767e-01 1.895924308588063933e-01
7.895507812500000000e-01 1.124000000000000000e+03 2.748000000000000000e+03 4.530000000000000000e+02 2.748000000000000000e+03 6.220887918486172063e-01 4.090247452692867269e-01 1.648471615720523975e-01
7.949218750000000000e-01 1.052000000000000000e+03 2.748000000000000000e+03 3.880000000000000000e+02 2.748000000000000000e+03 6.208151382823872133e-01 3.828238719068413620e-01 1.411935953420669632e-01
7.998046875000000000e-01 9.980000000000000000e+02 2.748000000000000000e+03 3.300000000000000000e+02 2.748000000000000000e+03 6.215429403202329395e-01 3.631732168850072551e-01 1.200873362445414871e-01
8.046875000000000000e-01 9.340000000000000000e+02 2.748000000000000000e+03 2.960000000000000000e+02 2.748000000000000000e+03 6.160844250363900487e-01 3.398835516739446838e-01 1.077147016011644892e-01
8.100585937500000000e-01 8.620000000000000000e+02 2.748000000000000000e+03 2.630000000000000000e+02 2.748000000000000000e+03 6.089883551673944684e-01 3.136826783114992634e-01 9.570596797671034051e-02
8.154296875000000000e-01 7.960000000000000000e+02 2.748000000000000000e+03 2.230000000000000000e+02 2.748000000000000000e+03 6.042576419213974148e-01 2.896652110625909660e-01 8.114992721979621959e-02
8.203125000000000000e-01 7.410000000000000000e+02 2.748000000000000000e+03 1.870000000000000000e+02 2.748000000000000000e+03 6.008005822416302433e-01 2.696506550218340514e-01 6.804949053857350938e-02
8.251953125000000000e-01 6.960000000000000000e+02 2.748000000000000000e+03 1.660000000000000000e+02 2.748000000000000000e+03 5.964337700145559973e-01 2.532751091703056567e-01 6.040756914119359278e-02
8.305664062500000000e-01 6.460000000000000000e+02 2.748000000000000000e+03 1.400000000000000000e+02 2.748000000000000000e+03 5.920669577874817513e-01 2.350800582241630299e-01 5.094614264919941626e-02
8.359375000000000000e-01 5.880000000000000000e+02 2.748000000000000000e+03 1.170000000000000000e+02 2.748000000000000000e+03 5.856986899563318971e-01 2.139737991266375539e-01 4.257641921397380125e-02
8.408203125000000000e-01 5.350000000000000000e+02 2.748000000000000000e+03 9.000000000000000000e+01 2.748000000000000000e+03 5.809679767103348436e-01 1.946870451237263377e-01 3.275109170305676859e-02
8.457031250000000000e-01 4.840000000000000000e+02 2.748000000000000000e+03 7.900000000000000000e+01 2.748000000000000000e+03 5.736899563318776929e-01 1.761280931586608478e-01 2.874818049490538568e-02
8.510742187500000000e-01 4.250000000000000000e+02 2.748000000000000000e+03 5.500000000000000000e+01 2.748000000000000000e+03 5.673216885007278387e-01 1.546579330422125087e-01 2.001455604075691452e-02
8.564453125000000000e-01 3.900000000000000000e+02 2.748000000000000000e+03 3.900000000000000000e+01 2.748000000000000000e+03 5.638646288209606672e-01 1.419213973799126616e-01 1.419213973799126650e-02
8.613281250000000000e-01 3.510000000000000000e+02 2.748000000000000000e+03 3.000000000000000000e+01 2.748000000000000000e+03 5.584061135371178874e-01 1.277292576419213899e-01 1.091703056768558895e-02
8.662109375000000000e-01 3.180000000000000000e+02 2.748000000000000000e+03 2.300000000000000000e+01 2.748000000000000000e+03 5.536754002911208339e-01 1.157205240174672550e-01 8.369723435225618485e-03
8.715820312500000000e-01 2.790000000000000000e+02 2.748000000000000000e+03 1.200000000000000000e+01 2.748000000000000000e+03 5.485807860262008617e-01 1.015283842794759833e-01 4.366812227074235581e-03
8.769531250000000000e-01 2.500000000000000000e+02 2.748000000000000000e+03 7.000000000000000000e+00 2.748000000000000000e+03 5.442139737991266157e-01 9.097525473071324531e-02 2.547307132459970900e-03
8.818359375000000000e-01 2.140000000000000000e+02 2.748000000000000000e+03 5.000000000000000000e+00 2.748000000000000000e+03 5.380276564774381098e-01 7.787481804949053510e-02 1.819505094614264898e-03
8.867187500000000000e-01 1.800000000000000000e+02 2.748000000000000000e+03 5.000000000000000000e+00 2.748000000000000000e+03 5.318413391557496039e-01 6.550218340611353718e-02 1.819505094614264898e-03
8.920898437500000000e-01 1.590000000000000000e+02 2.748000000000000000e+03 4.000000000000000000e+00 2.748000000000000000e+03 5.282023289665210841e-01 5.786026200873362751e-02 1.455604075691412005e-03
8.974609375000000000e-01 1.320000000000000000e+02 2.748000000000000000e+03 1.000000000000000000e+00 2.748000000000000000e+03 5.238355167394468381e-01 4.803493449781659486e-02 3.639010189228530012e-04
9.023437500000000000e-01 1.130000000000000000e+02 2.748000000000000000e+03 0.000000000000000000e+00 2.748000000000000000e+03 5.205604075691412369e-01 4.112081513828239054e-02 0.000000000000000000e+00
9.072265625000000000e-01 9.400000000000000000e+01 2.748000000000000000e+03 0.000000000000000000e+00 2.748000000000000000e+03 5.171033478893740654e-01 3.420669577874817929e-02 0.000000000000000000e+00
