3.999023437500000000e-01 2.748000000000000000e+03 2.748000000000000000e+03 2.748000000000000000e+03 2.748000000000000000e+03 5.000000000000000000e-01 1.000000000000000000e+00 1.000000000000000000e+00
4.050292968750000000e-01 2.748000000000000000e+03 2.748000000000000000e+03 2.748000000000000000e+03 2.748000000000000000e+03 5.000000000000000000e-01 1.000000000000000000e+00 1.000000000000000000e+00
4.101562500000000000e-01 2.748000000000000000e+03 2.748000000000000000e+03 2.748000000000000000e+03 2.748000000000000000e+03 5.000000000000000000e-01 1.000000000000000000e+00 1.000000000000000000e+00
4.152832031250000000e-01 2.748000000000000000e+03 2.748000000000000000e+03 2.748000000000000000e+03 2.748000000000000000e+03 5.000000000000000000e-01 1.000000000000000000e+00 1.000000000000000000e+00
4.204101562500000000e-01 2.748000000000000000e+03 2.748000000000000000e+03 2.748000000000000000e+03 2.748000000000000000e+03 5.000000000000000000e-01 1.000000000000000000e+00 1.000000000000000000e+00
4.255371093750000000e-01 2.748000000000000000e+03 2.748000000000000000e+03 2.748000000000000000e+03 2.748000000000000000e+03 5.000000000000000000e-01 1.000000000000000000e+00 1.000000000000000000e+00
4.306640625000000000e-01 2.748000000000000000e+03 2.748000000000000000e+03 2.748000000000000000e+03 2.748000000000000000e+03 5.000000000000000000e-01 1.000000000000000000e+00 1.000000000000000000e+00
4.357910156250000000e-01 2.748000000000000000e+03 2.748000000000000000e+03 2.748000000000000000e+03 2.748000000000000000e+03 5.000000000000000000e-01 1.000000000000000000e+00 1.000000000000000000e+00
4.409179687500000000e-01 2.748000000000000000e+03 2.748000000000000000e+03 2.748000000000000000e+03 2.748000000000000000e+03 5.000000000000000000e-01 1.000000000000000000e+00 1.000000000000000000e+00
4.460449218750000000e-01 2.748000000000000000e+03 2.748000000000000000e+03 2.748000000000000000e+03 2.748000000000000000e+03 5.000000000000000000e-01 1.000000000000000000e+00 1.000000000000000000e+00
4.511718750000000000e-01 2.747000000000000000e+03 2.748000000000000000e+03 2.748000000000000000e+03 2.748000000000000000e+03 4.998180494905385962e-01 9.996360989810771924e-01 1.000000000000000000e+00
4.562988281250000000e-01 2.747000000000000000e+03 2.748000000000000000e+03 2.748000000000000000e+03 2.748000000000000000e+03 4.998180494905385962e-01 9.996360989810771924e-01 1.000000000000000000e+00
4.614257812500000000e-01 2.747000000000000000e+03 2.748000000000000000e+03 2.747000000000000000e+03 2.748000000000000000e+03 5.000000000000000000e-01 9.996360989810771924e-01 9.996360989810771924e-01
4.665527343750000000e-01 2.746000000000000000e+03 2.748000000000000000e+03 2.746000000000000000e+03 2.748000000000000000e+03 5.000000000000000000e-01 9.992721979621542738e-01 9.992721979621542738e-01
4.716796875000000000e-01 2.746000000000000000e+03 2.748000000000000000e+03 2.745000000000000000e+03 2.748000000000000000e+03 5.001819505094614593e-01 9.992721979621542738e-01 9.989082969432314663e-01
4.768066406250000000e-01 2.746000000000000000e+03 2.748000000000000000e+03 2.745000000000000000e+03 2.748000000000000000e+03 5.001819505094614593e-01 9.992721979621542738e-01 9.989082969432314663e-01
4.819335937500000000e-01 2.746000000000000000e+03 2.748000000000000000e+03 2.745000000000000000e+03 2.748000000000000000e+03 5.001819505094614593e-01 9.992721979621542738e-01 9.989082969432314663e-01
4.870605468750000000e-01 2.745000000000000000e+03 2.748000000000000000e+03 2.743000000000000000e+03 2.748000000000000000e+03 5.003639010189228076e-01 9.989082969432314663e-01 9.981804949053857401e-01
4.921875000000000000e-01 2.745000000000000000e+03 2.748000000000000000e+03 2.740000000000000000e+03 2.748000000000000000e+03 5.009097525473071855e-01 9.989082969432314663e-01 9.970887918486172063e-01
4.973144531250000000e-01 2.745000000000000000e+03 2.748000000000000000e+03 2.737000000000000000e+03 2.748000000000000000e+03 5.014556040756914523e-01 9.989082969432314663e-01 9.959970887918486726e-01
5.024414062500000000e-01 2.745000000000000000e+03 2.748000000000000000e+03 2.735000000000000000e+03 2.748000000000000000e+03 5.018195050946142599e-01 9.989082969432314663e-01 9.952692867540029464e-01
5.078125000000000000e-01 2.745000000000000000e+03 2.748000000000000000e+03 2.731000000000000000e+03 2.748000000000000000e+03 5.025473071324599861e-01 9.989082969432314663e-01 9.938136826783114941e-01
5.126953125000000000e-01 2.744000000000000000e+03 2.748000000000000000e+03 2.727000000000000000e+03 2.748000000000000000e+03 5.030931586608442529e-01 9.985443959243085477e-01 9.923580786026200418e-01
5.175781250000000000e-01 2.743000000000000000e+03 2.748000000000000000e+03 2.722000000000000000e+03 2.748000000000000000e+03 5.038209606986899791e-01 9.981804949053857401e-01 9.905385735080057819e-01
5.229492187500000000e-01 2.742000000000000000e+03 2.748000000000000000e+03 2.717000000000000000e+03 2.748000000000000000e+03 5.045487627365357053e-01 9.978165938864629325e-01 9.887190684133915219e-01
5.283203125000000000e-01 2.741000000000000000e+03 2.748000000000000000e+03 2.717000000000000000e+03 2.748000000000000000e+03 5.043668122270742460e-01 9.974526928675400139e-01 9.887190684133915219e-01
5.332031250000000000e-01 2.740000000000000000e+03 2.748000000000000000e+03 2.715000000000000000e+03 2.748000000000000000e+03 5.045487627365357053e-01 9.970887918486172063e-01 9.879912663755459068e-01
5.380859375000000000e-01 2.738000000000000000e+03 2.748000000000000000e+03 2.714000000000000000e+03 2.748000000000000000e+03 5.043668122270742460e-01 9.963609898107714802e-01 9.876273653566229882e-01
5.434570312500000000e-01 2.737000000000000000e+03 2.748000000000000000e+03 2.708000000000000000e+03 2.748000000000000000e+03 5.052765647743813204e-01 9.959970887918486726e-01 9.854439592430859207e-01
5.488281250000000000e-01 2.736000000000000000e+03 2.748000000000000000e+03 2.708000000000000000e+03 2.748000000000000000e+03 5.050946142649199722e-01 9.956331877729257540e-01 9.854439592430859207e-01
5.537109375000000000e-01 2.734000000000000000e+03 2.748000000000000000e+03 2.703000000000000000e+03 2.748000000000000000e+03 5.056404657933042390e-01 9.949053857350800278e-01 9.836244541484716608e-01
5.585937500000000000e-01 2.733000000000000000e+03 2.748000000000000000e+03 2.692000000000000000e+03 2.748000000000000000e+03 5.074599708879184989e-01 9.945414847161572203e-01 9.796215429403202224e-01
5.639648437500000000e-01 2.731000000000000000e+03 2.748000000000000000e+03 2.687000000000000000e+03 2.748000000000000000e+03 5.080058224163027658e-01 9.938136826783114941e-01 9.778020378457059625e-01
5.693359375000000000e-01 2.725000000000000000e+03 2.748000000000000000e+03 2.683000000000000000e+03 2.748000000000000000e+03 5.076419213973799582e-01 9.916302765647744266e-01 9.763464337700145101e-01
5.742187500000000000e-01 2.720000000000000000e+03 2.748000000000000000e+03 2.673000000000000000e+03 2.748000000000000000e+03 5.085516739446870327e-01 9.898107714701601667e-01 9.727074235807859903e-01
5.791015625000000000e-01 2.716000000000000000e+03 2.748000000000000000e+03 2.665000000000000000e+03 2.748000000000000000e+03 5.092794759825327588e-01 9.883551673944687144e-01 9.697962154294031967e-01
5.844726562500000000e-01 2.714000000000000000e+03 2.748000000000000000e+03 2.658000000000000000e+03 2.748000000000000000e+03 5.101892285298398333e-01 9.876273653566229882e-01 9.672489082969432106e-01
5.898437500000000000e-01 2.711000000000000000e+03 2.748000000000000000e+03 2.644000000000000000e+03 2.748000000000000000e+03 5.121906841339155525e-01 9.865356622998544545e-01 9.621542940320232384e-01
5.947265625000000000e-01 2.708000000000000000e+03 2.748000000000000000e+03 2.642000000000000000e+03 2.748000000000000000e+03 5.120087336244540932e-01 9.854439592430859207e-01 9.614264919941776233e-01
5.996093750000000000e-01 2.708000000000000000e+03 2.748000000000000000e+03 2.633000000000000000e+03 2.748000000000000000e+03 5.136462882096070048e-01 9.854439592430859207e-01 9.581513828238719110e-01
6.049804687500000000e-01 2.706000000000000000e+03 2.748000000000000000e+03 2.613000000000000000e+03 2.748000000000000000e+03 5.169213973799127171e-01 9.847161572052401945e-01 9.508733624454148714e-01
6.103515625000000000e-01 2.698000000000000000e+03 2.748000000000000000e+03 2.594000000000000000e+03 2.748000000000000000e+03 5.189228529839883253e-01 9.818049490538574009e-01 9.439592430858806393e-01
6.152343750000000000e-01 2.688000000000000000e+03 2.748000000000000000e+03 2.580000000000000000e+03 2.748000000000000000e+03 5.196506550218340514e-01 9.781659388646287701e-01 9.388646288209606672e-01
6.201171875000000000e-01 2.682000000000000000e+03 2.748000000000000000e+03 2.563000000000000000e+03 2.748000000000000000e+03 5.216521106259097706e-01 9.759825327510917026e-01 9.326783114992721613e-01
6.254882812500000000e-01 2.678000000000000000e+03 2.748000000000000000e+03 2.548000000000000000e+03 2.748000000000000000e+03 5.236535662299854899e-01 9.745269286754002502e-01 9.272197962154293815e-01
6.308593750000000000e-01 2.666000000000000000e+03 2.748000000000000000e+03 2.521000000000000000e+03 2.748000000000000000e+03 5.263828238719068242e-01 9.701601164483260042e-01 9.173944687045123558e-01
6.357421875000000000e-01 2.654000000000000000e+03 2.748000000000000000e+03 2.510000000000000000e+03 2.748000000000000000e+03 5.262008733624453649e-01 9.657933042212518693e-01 9.133915574963610284e-01
6.406250000000000000e-01 2.645000000000000000e+03 2.748000000000000000e+03 2.492000000000000000e+03 2.748000000000000000e+03 5.278384279475982765e-01 9.625181950509461570e-01 9.068413391557496039e-01
6.459960937500000000e-01 2.634000000000000000e+03 2.748000000000000000e+03 2.464000000000000000e+03 2.748000000000000000e+03 5.309315866084425295e-01 9.585152838427947186e-01 8.966521106259097706e-01
6.513671875000000000e-01 2.625000000000000000e+03 2.748000000000000000e+03 2.431000000000000000e+03 2.748000000000000000e+03 5.352983988355167755e-01 9.552401746724891174e-01 8.846433770014555664e-01
6.562500000000000000e-01 2.612000000000000000e+03 2.748000000000000000e+03 2.408000000000000000e+03 2.748000000000000000e+03 5.371179039301310354e-01 9.505094614264919528e-01 8.762736535662299930e-01
6.611328125000000000e-01 2.594000000000000000e+03 2.748000000000000000e+03 2.379000000000000000e+03 2.748000000000000000e+03 5.391193595342066436e-01 9.439592430858806393e-01 8.657205240174672412e-01
6.665039062500000000e-01 2.586000000000000000e+03 2.748000000000000000e+03 2.342000000000000000e+03 2.748000000000000000e+03 5.443959243085880750e-01 9.410480349344978457e-01 8.522561863173216956e-01
6.718750000000000000e-01 2.569000000000000000e+03 2.748000000000000000e+03 2.307000000000000000e+03 2.748000000000000000e+03 5.476710334788937873e-01 9.348617176128093398e-01 8.395196506550218762e-01
6.767578125000000000e-01 2.554000000000000000e+03 2.748000000000000000e+03 2.278000000000000000e+03 2.748000000000000000e+03 5.502183406113536623e-01 9.294032023289665601e-01 8.289665211062591244e-01
6.816406250000000000e-01 2.542000000000000000e+03 2.748000000000000000e+03 2.241000000000000000e+03 2.748000000000000000e+03 5.547671033478893676e-01 9.250363901018923141e-01 8.155021834061135788e-01
6.870117187500000000e-01 2.529000000000000000e+03 2.748000000000000000e+03 2.204000000000000000e+03 2.748000000000000000e+03 5.591339155749636136e-01 9.203056768558951495e-01 8.020378457059679222e-01
6.923828125000000000e-01 2.514000000000000000e+03 2.748000000000000000e+03 2.165000000000000000e+03 2.748000000000000000e+03 5.635007278020378596e-01 9.148471615720523697e-01 7.878457059679767616e-01
6.972656250000000000e-01 2.499000000000000000e+03 2.748000000000000000e+03 2.118000000000000000e+03 2.748000000000000000e+03 5.693231441048034469e-01 9.093886462882095900e-01 7.707423580786025852e-01
7.021484375000000000e-01 2.479000000000000000e+03 2.748000000000000000e+03 2.073000000000000000e+03 2.748000000000000000e+03 5.738719068413391522e-01 9.021106259097525504e-01 7.543668122270742460e-01
7.075195312500000000e-01 2.453000000000000000e+03 2.748000000000000000e+03 2.036000000000000000e+03 2.748000000000000000e+03 5.758733624454148714e-01 8.926491994177583322e-01 7.409024745269287004e-01
7.128906250000000000e-01 2.429000000000000000e+03 2.748000000000000000e+03 1.994000000000000000e+03 2.748000000000000000e+03 5.791484716157204726e-01 8.839155749636099513e-01 7.256186317321688950e-01
7.177734375000000000e-01 2.400000000000000000e+03 2.748000000000000000e+03 1.944000000000000000e+03 2.748000000000000000e+03 5.829694323144104517e-01 8.733624454148471994e-01 7.074235807860261849e-01
7.226562500000000000e-01 2.364000000000000000e+03 2.748000000000000000e+03 1.895000000000000000e+03 2.748000000000000000e+03 5.853347889374089785e-01 8.602620087336244614e-01 6.895924308588063933e-01
7.280273437500000000e-01 2.326000000000000000e+03 2.748000000000000000e+03 1.831000000000000000e+03 2.748000000000000000e+03 5.900655021834061431e-01 8.464337700145559973e-01 6.663027656477438221e-01
7.333984375000000000e-01 2.294000000000000000e+03 2.748000000000000000e+03 1.766000000000000000e+03 2.748000000000000000e+03 5.960698689956331897e-01 8.347889374090247117e-01 6.426491994177583322e-01
7.382812500000000000e-01 2.269000000000000000e+03 2.748000000000000000e+03 1.732000000000000000e+03 2.748000000000000000e+03 5.977074235807859903e-01 8.256914119359534121e-01 6.302765647743813204e-01
7.431640625000000000e-01 2.234000000000000000e+03 2.748000000000000000e+03 1.667000000000000000e+03 2.748000000000000000e+03 6.031659388646287701e-01 8.129548762736535927e-01 6.066229985443959416e-01
7.485351562500000000e-01 2.197000000000000000e+03 2.748000000000000000e+03 1.601000000000000000e+03 2.748000000000000000e+03 6.084425036390102015e-01 7.994905385735080472e-01 5.826055312954876442e-01
7.539062500000000000e-01 2.152000000000000000e+03 2.748000000000000000e+03 1.520000000000000000e+03 2.748000000000000000e+03 6.149927219796215150e-01 7.831149927219795970e-01 5.531295487627365670e-01
7.587890625000000000e-01 2.120000000000000000e+03 2.748000000000000000e+03 1.459000000000000000e+03 2.748000000000000000e+03 6.202692867540029464e-01 7.714701601164483113e-01 5.309315866084425295e-01
7.636718750000000000e-01 2.073000000000000000e+03 2.748000000000000000e+03 1.400000000000000000e+03 2.748000000000000000e+03 6.224526928675400139e-01 7.543668122270742460e-01 5.094614264919942181e-01
7.690429687500000000e-01 2.034000000000000000e+03 2.748000000000000000e+03 1.337000000000000000e+03 2.748000000000000000e+03 6.268195050946142599e-01 7.401746724890829743e-01 4.865356622998544545e-01
7.744140625000000000e-01 1.978000000000000000e+03 2.748000000000000000e+03 1.269000000000000000e+03 2.748000000000000000e+03 6.290029112081513274e-01 7.197962154294031967e-01 4.617903930131004309e-01
7.792968750000000000e-01 1.928000000000000000e+03 2.748000000000000000e+03 1.211000000000000000e+03 2.748000000000000000e+03 6.304585152838427797e-01 7.016011644832605976e-01 4.406841339155749826e-01
7.841796875000000000e-01 1.887000000000000000e+03 2.748000000000000000e+03 1.145000000000000000e+03 2.748000000000000000e+03 6.350072780203784850e-01 6.866812227074235997e-01 4.166666666666666852e-01
7.895507812500000000e-01 1.839000000000000000e+03 2.748000000000000000e+03 1.083000000000000000e+03 2.748000000000000000e+03 6.375545851528384711e-01 6.692139737991266157e-01 3.941048034934497846e-01
7.949218750000000000e-01 1.789000000000000000e+03 2.748000000000000000e+03 1.006000000000000000e+03 2.748000000000000000e+03 6.424672489082969840e-01 6.510189228529840166e-01 3.660844250363901042e-01
7.998046875000000000e-01 1.744000000000000000e+03 2.748000000000000000e+03 9.390000000000000000e+02 2.748000000000000000e+03 6.464701601164483113e-01 6.346433770014555664e-01 3.417030567685589437e-01
8.046875000000000000e-01 1.689000000000000000e+03 2.748000000000000000e+03 8.750000000000000000e+02 2.748000000000000000e+03 6.481077147016011120e-01 6.146288209606987074e-01 3.184133915574963725e-01
8.100585937500000000e-01 1.620000000000000000e+03 2.748000000000000000e+03 8.000000000000000000e+02 2.748000000000000000e+03 6.491994177583697567e-01 5.895196506550218762e-01 2.911208151382823628e-01
8.154296875000000000e-01 1.563000000000000000e+03 2.748000000000000000e+03 7.280000000000000000e+02 2.748000000000000000e+03 6.519286754002910911e-01 5.687772925764191800e-01 2.649199417758369979e-01
8.203125000000000000e-01 1.515000000000000000e+03 2.748000000000000000e+03 6.660000000000000000e+02 2.748000000000000000e+03 6.544759825327510772e-01 5.513100436681223071e-01 2.423580786026200973e-01
8.251953125000000000e-01 1.447000000000000000e+03 2.748000000000000000e+03 6.070000000000000000e+02 2.748000000000000000e+03 6.528384279475982765e-01 5.265647743813682835e-01 2.208879184861717582e-01
8.305664062500000000e-01 1.381000000000000000e+03 2.748000000000000000e+03 5.370000000000000000e+02 2.748000000000000000e+03 6.535662299854440027e-01 5.025473071324599861e-01 1.954148471615720639e-01
8.359375000000000000e-01 1.303000000000000000e+03 2.748000000000000000e+03 4.660000000000000000e+02 2.748000000000000000e+03 6.522925764192140097e-01 4.741630276564774427e-01 1.695778748180494788e-01
8.408203125000000000e-01 1.225000000000000000e+03 2.748000000000000000e+03 4.110000000000000000e+02 2.748000000000000000e+03 6.481077147016011120e-01 4.457787481804948992e-01 1.495633187772925643e-01
8.457031250000000000e-01 1.165000000000000000e+03 2.748000000000000000e+03 3.380000000000000000e+02 2.748000000000000000e+03 6.504730713245997498e-01 4.239446870451237248e-01 1.229985443959243085e-01
8.510742187500000000e-01 1.084000000000000000e+03 2.748000000000000000e+03 2.710000000000000000e+02 2.748000000000000000e+03 6.479257641921397637e-01 3.944687045123726477e-01 9.861717612809316191e-02
8.564453125000000000e-01 1.006000000000000000e+03 2.748000000000000000e+03 2.170000000000000000e+02 2.748000000000000000e+03 6.435589519650655177e-01 3.660844250363901042e-01 7.896652110625909660e-02
8.613281250000000000e-01 9.280000000000000000e+02 2.748000000000000000e+03 1.810000000000000000e+02 2.748000000000000000e+03 6.359170305676855595e-01 3.377001455604075608e-01 6.586608442503638638e-02
8.662109375000000000e-01 8.450000000000000000e+02 2.748000000000000000e+03 1.440000000000000000e+02 2.748000000000000000e+03 6.275473071324599861e-01 3.074963609898107575e-01 5.240174672489082697e-02
8.715820312500000000e-01 7.730000000000000000e+02 2.748000000000000000e+03 1.070000000000000000e+02 2.748000000000000000e+03 6.211790393013100209e-01 2.812954876273653371e-01 3.893740902474526755e-02
8.769531250000000000e-01 6.830000000000000000e+02 2.748000000000000000e+03 6.700000000000000000e+01 2.748000000000000000e+03 6.120815138282387213e-01 2.485443959243085754e-01 2.438136826783115010e-02
8.818359375000000000e-01 6.000000000000000000e+02 2.748000000000000000e+03 4.800000000000000000e+01 2.748000000000000000e+03 6.004366812227074357e-01 2.183406113537117998e-01 1.746724890829694232e-02
8.867187500000000000e-01 5.240000000000000000e+02 2.748000000000000000e+03 3.300000000000000000e+01 2.748000000000000000e+03 5.893377001455604169e-01 1.906841339155749548e-01 1.200873362445414871e-02
8.920898437500000000e-01 4.410000000000000000e+02 2.748000000000000000e+03 1.700000000000000000e+01 2.748000000000000000e+03 5.771470160116448644e-01 1.604803493449781793e-01 6.186317321688500695e-03
8.974609375000000000e-01 3.730000000000000000e+02 2.748000000000000000e+03 9.000000000000000000e+00 2.748000000000000000e+03 5.662299854439591940e-01 1.357350800582241557e-01 3.275109170305676685e-03
9.023437500000000000e-01 3.090000000000000000e+02 2.748000000000000000e+03 1.000000000000000000e+00 2.748000000000000000e+03 5.560407569141193607e-01 1.124454148471615705e-01 3.639010189228530012e-04
9.072265625000000000e-01 2.370000000000000000e+02 2.748000000000000000e+03 1.000000000000000000e+00 2.748000000000000000e+03 5.429403202328966227e-01 8.624454148471616399e-02 3.639010189228530012e-04
