3.999023437500000000e-01 2.748000000000000000e+03 2.748000000000000000e+03 2.748000000000000000e+03 2.748000000000000000e+03 5.000000000000000000e-01 1.000000000000000000e+00 1.000000000000000000e+00
4.050292968750000000e-01 2.748000000000000000e+03 2.748000000000000000e+03 2.748000000000000000e+03 2.748000000000000000e+03 5.000000000000000000e-01 1.000000000000000000e+00 1.000000000000000000e+00
4.101562500000000000e-01 2.748000000000000000e+03 2.748000000000000000e+03 2.748000000000000000e+03 2.748000000000000000e+03 5.000000000000000000e-01 1.000000000000000000e+00 1.000000000000000000e+00
4.152832031250000000e-01 2.748000000000000000e+03 2.748000000000000000e+03 2.748000000000000000e+03 2.748000000000000000e+03 5.000000000000000000e-01 1.000000000000000000e+00 1.000000000000000000e+00
4.204101562500000000e-01 2.748000000000000000e+03 2.748000000000000000e+03 2.748000000000000000e+03 2.748000000000000000e+03 5.000000000000000000e-01 1.000000000000000000e+00 1.000000000000000000e+00
4.255371093750000000e-01 2.748000000000000000e+03 2.748000000000000000e+03 2.748000000000000000e+03 2.748000000000000000e+03 5.000000000000000000e-01 1.000000000000000000e+00 1.000000000000000000e+00
4.306640625000000000e-01 2.748000000000000000e+03 2.748000000000000000e+03 2.748000000000000000e+03 2.748000000000000000e+03 5.000000000000000000e-01 1.000000000000000000e+00 1.000000000000000000e+00
4.357910156250000000e-01 2.748000000000000000e+03 2.748000000000000000e+03 2.748000000000000000e+03 2.748000000000000000e+03 5.000000000000000000e-01 1.000000000000000000e+00 1.000000000000000000e+00
4.409179687500000000e-01 2.748000000000000000e+03 2.748000000000000000e+03 2.748000000000000000e+03 2.748000000000000000e+03 5.000000000000000000e-01 1.000000000000000000e+00 1.000000000000000000e+00
4.460449218750000000e-01 2.748000000000000000e+03 2.748000000000000000e+03 2.748000000000000000e+03 2.748000000000000000e+03 5.000000000000000000e-01 1.000000000000000000e+00 1.000000000000000000e+00
4.511718750000000000e-01 2.748000000000000000e+03 2.748000000000000000e+03 2.748000000000000000e+03 2.748000000000000000e+03 5.000000000000000000e-01 1.000000000000000000e+00 1.000000000000000000e+00
4.562988281250000000e-01 2.748000000000000000e+03 2.748000000000000000e+03 2.748000000000000000e+03 2.748000000000000000e+03 5.000000000000000000e-01 1.000000000000000000e+00 1.000000000000000000e+00
4.614257812500000000e-01 2.748000000000000000e+03 2.748000000000000000e+03 2.748000000000000000e+03 2.748000000000000000e+03 5.000000000000000000e-01 1.000000000000000000e+00 1.000000000000000000e+00
4.665527343750000000e-01 2.748000000000000000e+03 2.748000000000000000e+03 2.748000000000000000e+03 2.748000000000000000e+03 5.000000000000000000e-01 1.000000000000000000e+00 1.000000000000000000e+00
4.716796875000000000e-01 2.748000000000000000e+03 2.748000000000000000e+03 2.748000000000000000e+03 2.748000000000000000e+03 5.000000000000000000e-01 1.000000000000000000e+00 1.000000000000000000e+00
4.768066406250000000e-01 2.748000000000000000e+03 2.748000000000000000e+03 2.748000000000000000e+03 2.748000000000000000e+03 5.000000000000000000e-01 1.000000000000000000e+00 1.000000000000000000e+00
4.819335937500000000e-01 2.748000000000000000e+03 2.748000000000000000e+03 2.748000000000000000e+03 2.748000000000000000e+03 5.000000000000000000e-01 1.000000000000000000e+00 1.000000000000000000e+00
4.870605468750000000e-01 2.748000000000000000e+03 2.748000000000000000e+03 2.747000000000000000e+03 2.748000000000000000e+03 5.001819505094614593e-01 1.000000000000000000e+00 9.996360989810771924e-01
4.921875000000000000e-01 2.748000000000000000e+03 2.748000000000000000e+03 2.746000000000000000e+03 2.748000000000000000e+03 5.003639010189228076e-01 1.000000000000000000e+00 9.992721979621542738e-01
4.973144531250000000e-01 2.748000000000000000e+03 2.748000000000000000e+03 2.746000000000000000e+03 2.748000000000000000e+03 5.003639010189228076e-01 1.000000000000000000e+00 9.992721979621542738e-01
5.024414062500000000e-01 2.748000000000000000e+03 2.748000000000000000e+03 2.746000000000000000e+03 2.748000000000000000e+03 5.003639010189228076e-01 1.000000000000000000e+00 9.992721979621542738e-01
5.078125000000000000e-01 2.748000000000000000e+03 2.748000000000000000e+03 2.745000000000000000e+03 2.748000000000000000e+03 5.005458515283842669e-01 1.000000000000000000e+00 9.989082969432314663e-01
5.126953125000000000e-01 2.748000000000000000e+03 2.748000000000000000e+03 2.744000000000000000e+03 2.748000000000000000e+03 5.007278020378457262e-01 1.000000000000000000e+00 9.985443959243085477e-01
5.175781250000000000e-01 2.747000000000000000e+03 2.748000000000000000e+03 2.744000000000000000e+03 2.748000000000000000e+03 5.005458515283842669e-01 9.996360989810771924e-01 9.985443959243085477e-01
5.229492187500000000e-01 2.746000000000000000e+03 2.748000000000000000e+03 2.739000000000000000e+03 2.748000000000000000e+03 5.012736535662299930e-01 9.992721979621542738e-01 9.967248908296942878e-01
5.283203125000000000e-01 2.746000000000000000e+03 2.748000000000000000e+03 2.738000000000000000e+03 2.748000000000000000e+03 5.014556040756914523e-01 9.992721979621542738e-01 9.963609898107714802e-01
5.332031250000000000e-01 2.745000000000000000e+03 2.748000000000000000e+03 2.738000000000000000e+03 2.748000000000000000e+03 5.012736535662299930e-01 9.989082969432314663e-01 9.963609898107714802e-01
5.380859375000000000e-01 2.743000000000000000e+03 2.748000000000000000e+03 2.736000000000000000e+03 2.748000000000000000e+03 5.012736535662299930e-01 9.981804949053857401e-01 9.956331877729257540e-01
5.434570312500000000e-01 2.741000000000000000e+03 2.748000000000000000e+03 2.734000000000000000e+03 2.748000000000000000e+03 5.012736535662299930e-01 9.974526928675400139e-01 9.949053857350800278e-01
5.488281250000000000e-01 2.741000000000000000e+03 2.748000000000000000e+03 2.734000000000000000e+03 2.748000000000000000e+03 5.012736535662299930e-01 9.974526928675400139e-01 9.949053857350800278e-01
5.537109375000000000e-01 2.740000000000000000e+03 2.748000000000000000e+03 2.734000000000000000e+03 2.748000000000000000e+03 5.010917030567685337e-01 9.970887918486172063e-01 9.949053857350800278e-01
5.585937500000000000e-01 2.739000000000000000e+03 2.748000000000000000e+03 2.732000000000000000e+03 2.748000000000000000e+03 5.012736535662299930e-01 9.967248908296942878e-01 9.941775836972343017e-01
5.639648437500000000e-01 2.735000000000000000e+03 2.748000000000000000e+03 2.729000000000000000e+03 2.748000000000000000e+03 5.010917030567685337e-01 9.952692867540029464e-01 9.930858806404657679e-01
5.693359375000000000e-01 2.735000000000000000e+03 2.748000000000000000e+03 2.725000000000000000e+03 2.748000000000000000e+03 5.018195050946142599e-01 9.952692867540029464e-01 9.916302765647744266e-01
5.742187500000000000e-01 2.734000000000000000e+03 2.748000000000000000e+03 2.720000000000000000e+03 2.748000000000000000e+03 5.025473071324599861e-01 9.949053857350800278e-01 9.898107714701601667e-01
5.791015625000000000e-01 2.733000000000000000e+03 2.748000000000000000e+03 2.719000000000000000e+03 2.748000000000000000e+03 5.025473071324599861e-01 9.945414847161572203e-01 9.894468704512372481e-01
5.844726562500000000e-01 2.730000000000000000e+03 2.748000000000000000e+03 2.710000000000000000e+03 2.748000000000000000e+03 5.036390101892285198e-01 9.934497816593886865e-01 9.861717612809315359e-01
5.898437500000000000e-01 2.724000000000000000e+03 2.748000000000000000e+03 2.703000000000000000e+03 2.748000000000000000e+03 5.038209606986899791e-01 9.912663755458515080e-01 9.836244541484716608e-01
5.947265625000000000e-01 2.722000000000000000e+03 2.748000000000000000e+03 2.695000000000000000e+03 2.748000000000000000e+03 5.049126637554585129e-01 9.905385735080057819e-01 9.807132459970887561e-01
5.996093750000000000e-01 2.715000000000000000e+03 2.748000000000000000e+03 2.689000000000000000e+03 2.748000000000000000e+03 5.047307132459970536e-01 9.879912663755459068e-01 9.785298398835516887e-01
6.049804687500000000e-01 2.712000000000000000e+03 2.748000000000000000e+03 2.675000000000000000e+03 2.748000000000000000e+03 5.067321688500727728e-01 9.868995633187772620e-01 9.734352256186317165e-01
6.103515625000000000e-01 2.710000000000000000e+03 2.748000000000000000e+03 2.662000000000000000e+03 2.748000000000000000e+03 5.087336244541484920e-01 9.861717612809315359e-01 9.687045123726346629e-01
6.152343750000000000e-01 2.703000000000000000e+03 2.748000000000000000e+03 2.646000000000000000e+03 2.748000000000000000e+03 5.103711790393012926e-01 9.836244541484716608e-01 9.628820960698689646e-01
6.201171875000000000e-01 2.701000000000000000e+03 2.748000000000000000e+03 2.633000000000000000e+03 2.748000000000000000e+03 5.123726346433770118e-01 9.828966521106259346e-01 9.581513828238719110e-01
6.254882812500000000e-01 2.692000000000000000e+03 2.748000000000000000e+03 2.615000000000000000e+03 2.748000000000000000e+03 5.140101892285298124e-01 9.796215429403202224e-01 9.516011644832605976e-01
6.308593750000000000e-01 2.683000000000000000e+03 2.748000000000000000e+03 2.590000000000000000e+03 2.748000000000000000e+03 5.169213973799127171e-01 9.763464337700145101e-01 9.425036390101891870e-01
6.357421875000000000e-01 2.670000000000000000e+03 2.748000000000000000e+03 2.568000000000000000e+03 2.748000000000000000e+03 5.185589519650655177e-01 9.716157205240174566e-01 9.344978165938864212e-01
6.406250000000000000e-01 2.663000000000000000e+03 2.748000000000000000e+03 2.547000000000000000e+03 2.748000000000000000e+03 5.211062590975255038e-01 9.690684133915574705e-01 9.268558951965065740e-01
6.459960937500000000e-01 2.652000000000000000e+03 2.748000000000000000e+03 2.515000000000000000e+03 2.748000000000000000e+03 5.249272197962154829e-01 9.650655021834061431e-01 9.152110625909752883e-01
6.513671875000000000e-01 2.641000000000000000e+03 2.748000000000000000e+03 2.475000000000000000e+03 2.748000000000000000e+03 5.302037845705968033e-01 9.610625909752547047e-01 9.006550218340610980e-01
6.562500000000000000e-01 2.622000000000000000e+03 2.748000000000000000e+03 2.430000000000000000e+03 2.748000000000000000e+03 5.349344978165938569e-01 9.541484716157204726e-01 8.842794759825327588e-01
6.611328125000000000e-01 2.610000000000000000e+03 2.748000000000000000e+03 2.394000000000000000e+03 2.748000000000000000e+03 5.393013100436681029e-01 9.497816593886463377e-01 8.711790393013100209e-01
6.665039062500000000e-01 2.594000000000000000e+03 2.748000000000000000e+03 2.350000000000000000e+03 2.748000000000000000e+03 5.443959243085880750e-01 9.439592430858806393e-01 8.551673944687044893e-01
6.718750000000000000e-01 2.571000000000000000e+03 2.748000000000000000e+03 2.278000000000000000e+03 2.748000000000000000e+03 5.533114992721979153e-01 9.355895196506550660e-01 8.289665211062591244e-01
6.767578125000000000e-01 2.539000000000000000e+03 2.748000000000000000e+03 2.233000000000000000e+03 2.748000000000000000e+03 5.556768558951965531e-01 9.239446870451237803e-01 8.125909752547306741e-01
6.816406250000000000e-01 2.513000000000000000e+03 2.748000000000000000e+03 2.176000000000000000e+03 2.748000000000000000e+03 5.613173216885006811e-01 9.144832605531295622e-01 7.918486171761280890e-01
6.870117187500000000e-01 2.484000000000000000e+03 2.748000000000000000e+03 2.090000000000000000e+03 2.748000000000000000e+03 5.716885007278020847e-01 9.039301310043668103e-01 7.605531295487627519e-01
6.923828125000000000e-01 2.444000000000000000e+03 2.748000000000000000e+03 2.022000000000000000e+03 2.748000000000000000e+03 5.767831149927219458e-01 8.893740902474527310e-01 7.358078602620087283e-01
6.972656250000000000e-01 2.401000000000000000e+03 2.748000000000000000e+03 1.950000000000000000e+03 2.748000000000000000e+03 5.820596797671033773e-01 8.737263464337700070e-01 7.096069868995633634e-01
7.021484375000000000e-01 2.359000000000000000e+03 2.748000000000000000e+03 1.867000000000000000e+03 2.748000000000000000e+03 5.895196506550218762e-01 8.584425036390102015e-01 6.794032023289665601e-01
7.075195312500000000e-01 2.303000000000000000e+03 2.748000000000000000e+03 1.783000000000000000e+03 2.748000000000000000e+03 5.946142649199417374e-01 8.380640465793304239e-01 6.488355167394468381e-01
7.128906250000000000e-01 2.244000000000000000e+03 2.748000000000000000e+03 1.698000000000000000e+03 2.748000000000000000e+03 5.993449781659389020e-01 8.165938864628821126e-01 6.179039301310044197e-01
7.177734375000000000e-01 2.211000000000000000e+03 2.748000000000000000e+03 1.637000000000000000e+03 2.748000000000000000e+03 6.044395924308587631e-01 8.045851528384279083e-01 5.957059679767103821e-01
7.226562500000000000e-01 2.158000000000000000e+03 2.748000000000000000e+03 1.537000000000000000e+03 2.748000000000000000e+03 6.129912663755459068e-01 7.852983988355167755e-01 5.593158660844250729e-01
7.280273437500000000e-01 2.104000000000000000e+03 2.748000000000000000e+03 1.438000000000000000e+03 2.748000000000000000e+03 6.211790393013100209e-01 7.656477438136827240e-01 5.232896652110625713e-01
7.333984375000000000e-01 2.044000000000000000e+03 2.748000000000000000e+03 1.340000000000000000e+03 2.748000000000000000e+03 6.280931586608442529e-01 7.438136826783114941e-01 4.876273653566229882e-01
7.382812500000000000e-01 1.990000000000000000e+03 2.748000000000000000e+03 1.240000000000000000e+03 2.748000000000000000e+03 6.364628820960698263e-01 7.241630276564774427e-01 4.512372634643376790e-01
7.431640625000000000e-01 1.923000000000000000e+03 2.748000000000000000e+03 1.144000000000000000e+03 2.748000000000000000e+03 6.417394468704512578e-01 6.997816593886463377e-01 4.163027656477438221e-01
7.485351562500000000e-01 1.861000000000000000e+03 2.748000000000000000e+03 1.052000000000000000e+03 2.748000000000000000e+03 6.471979621542940375e-01 6.772197962154293815e-01 3.828238719068413620e-01
7.539062500000000000e-01 1.778000000000000000e+03 2.748000000000000000e+03 9.560000000000000000e+02 2.748000000000000000e+03 6.495633187772925643e-01 6.470160116448325782e-01 3.478893740902474496e-01
7.587890625000000000e-01 1.716000000000000000e+03 2.748000000000000000e+03 8.560000000000000000e+02 2.748000000000000000e+03 6.564774381368267964e-01 6.244541484716157331e-01 3.114992721979621404e-01
7.636718750000000000e-01 1.626000000000000000e+03 2.748000000000000000e+03 7.630000000000000000e+02 2.748000000000000000e+03 6.570232896652110632e-01 5.917030567685589437e-01 2.776564774381368172e-01
7.690429687500000000e-01 1.552000000000000000e+03 2.748000000000000000e+03 6.780000000000000000e+02 2.748000000000000000e+03 6.590247452692867824e-01 5.647743813682678526e-01 2.467248908296943155e-01
7.744140625000000000e-01 1.448000000000000000e+03 2.748000000000000000e+03 5.960000000000000000e+02 2.748000000000000000e+03 6.550218340611353440e-01 5.269286754002910911e-01 2.168850072780203753e-01
7.792968750000000000e-01 1.365000000000000000e+03 2.748000000000000000e+03 5.310000000000000000e+02 2.748000000000000000e+03 6.517467248908297428e-01 4.967248908296943433e-01 1.932314410480349409e-01
7.841796875000000000e-01 1.280000000000000000e+03 2.748000000000000000e+03 4.620000000000000000e+02 2.748000000000000000e+03 6.488355167394468381e-01 4.657933042212518138e-01 1.681222707423580820e-01
7.895507812500000000e-01 1.194000000000000000e+03 2.748000000000000000e+03 3.870000000000000000e+02 2.748000000000000000e+03 6.468340611353712299e-01 4.344978165938864767e-01 1.408296943231441001e-01
7.949218750000000000e-01 1.109000000000000000e+03 2.748000000000000000e+03 3.100000000000000000e+02 2.748000000000000000e+03 6.453784570596797776e-01 4.035662299854439472e-01 1.128093158660844197e-01
7.998046875000000000e-01 1.041000000000000000e+03 2.748000000000000000e+03 2.670000000000000000e+02 2.748000000000000000e+03 6.408296943231440723e-01 3.788209606986899791e-01 9.716157205240175121e-02
8.046875000000000000e-01 9.670000000000000000e+02 2.748000000000000000e+03 2.290000000000000000e+02 2.748000000000000000e+03 6.342794759825327588e-01 3.518922852983988325e-01 8.333333333333332871e-02
8.100585937500000000e-01 8.870000000000000000e+02 2.748000000000000000e+03 1.830000000000000000e+02 2.748000000000000000e+03 6.280931586608442529e-01 3.227802037845706185e-01 6.659388646288209868e-02
8.154296875000000000e-01 8.060000000000000000e+02 2.748000000000000000e+03 1.430000000000000000e+02 2.748000000000000000e+03 6.206331877729257540e-01 2.933042212518194858e-01 5.203784570596797776e-02
8.203125000000000000e-01 7.340000000000000000e+02 2.748000000000000000e+03 1.160000000000000000e+02 2.748000000000000000e+03 6.124454148471615289e-01 2.671033478893740654e-01 4.221251819505094510e-02
8.251953125000000000e-01 6.590000000000000000e+02 2.748000000000000000e+03 9.200000000000000000e+01 2.748000000000000000e+03 6.031659388646287701e-01 2.398107714701601112e-01 3.347889374090247394e-02
8.305664062500000000e-01 5.950000000000000000e+02 2.748000000000000000e+03 7.200000000000000000e+01 2.748000000000000000e+03 5.951601164483260042e-01 2.165211062590975122e-01 2.620087336244541348e-02
8.359375000000000000e-01 5.260000000000000000e+02 2.748000000000000000e+03 5.600000000000000000e+01 2.748000000000000000e+03 5.855167394468704378e-01 1.914119359534206810e-01 2.037845705967976720e-02
8.408203125000000000e-01 4.660000000000000000e+02 2.748000000000000000e+03 3.900000000000000000e+01 2.748000000000000000e+03 5.776928675400291313e-01 1.695778748180494788e-01 1.419213973799126650e-02
8.457031250000000000e-01 4.060000000000000000e+02 2.748000000000000000e+03 2.300000000000000000e+01 2.748000000000000000e+03 5.696870451237263655e-01 1.477438136826783044e-01 8.369723435225618485e-03
8.510742187500000000e-01 3.460000000000000000e+02 2.748000000000000000e+03 1.600000000000000000e+01 2.748000000000000000e+03 5.600436681222706881e-01 1.259097525473071300e-01 5.822416302765648019e-03
8.564453125000000000e-01 2.980000000000000000e+02 2.748000000000000000e+03 8.000000000000000000e+00 2.748000000000000000e+03 5.527656477438136484e-01 1.084425036390101876e-01 2.911208151382824010e-03
8.613281250000000000e-01 2.460000000000000000e+02 2.748000000000000000e+03 7.000000000000000000e+00 2.748000000000000000e+03 5.434861717612808896e-01 8.951965065502183461e-02 2.547307132459970900e-03
8.662109375000000000e-01 2.000000000000000000e+02 2.748000000000000000e+03 4.000000000000000000e+00 2.748000000000000000e+03 5.356622998544395831e-01 7.278020378457059070e-02 1.455604075691412005e-03
8.715820312500000000e-01 1.640000000000000000e+02 2.748000000000000000e+03 1.000000000000000000e+00 2.748000000000000000e+03 5.296579330422125365e-01 5.967976710334788742e-02 3.639010189228530012e-04
8.769531250000000000e-01 1.210000000000000000e+02 2.748000000000000000e+03 0.000000000000000000e+00 2.748000000000000000e+03 5.220160116448325782e-01 4.403202328966521195e-02 0.000000000000000000e+00
8.818359375000000000e-01 8.900000000000000000e+01 2.748000000000000000e+03 0.000000000000000000e+00 2.748000000000000000e+03 5.161935953420669909e-01 3.238719068413391244e-02 0.000000000000000000e+00
8.867187500000000000e-01 5.900000000000000000e+01 2.748000000000000000e+03 0.000000000000000000e+00 2.748000000000000000e+03 5.107350800582242112e-01 2.147016011644832523e-02 0.000000000000000000e+00
8.920898437500000000e-01 4.100000000000000000e+01 2.748000000000000000e+03 0.000000000000000000e+00 2.748000000000000000e+03 5.074599708879184989e-01 1.491994177583697186e-02 0.000000000000000000e+00
8.974609375000000000e-01 2.300000000000000000e+01 2.748000000000000000e+03 0.000000000000000000e+00 2.748000000000000000e+03 5.041848617176127867e-01 8.369723435225618485e-03 0.000000000000000000e+00
9.023437500000000000e-01 1.300000000000000000e+01 2.748000000000000000e+03 0.000000000000000000e+00 2.748000000000000000e+03 5.023653566229985268e-01 4.730713245997089124e-03 0.000000000000000000e+00
9.072265625000000000e-01 7.000000000000000000e+00 2.748000000000000000e+03 0.000000000000000000e+00 2.748000000000000000e+03 5.012736535662299930e-01 2.547307132459970900e-03 0.000000000000000000e+00
