6.000976562500000000e-01 1.782000000000000000e+03 2.748000000000000000e+03 1.296000000000000000e+03 2.748000000000000000e+03 5.884279475982532315e-01 6.484716157205240306e-01 4.716157205240174566e-01
6.049804687500000000e-01 1.726000000000000000e+03 2.748000000000000000e+03 1.241000000000000000e+03 2.748000000000000000e+03 5.882459970887918832e-01 6.280931586608442529e-01 4.516011644832605421e-01
6.098632812500000000e-01 1.650000000000000000e+03 2.748000000000000000e+03 1.175000000000000000e+03 2.748000000000000000e+03 5.864264919941776233e-01 6.004366812227074357e-01 4.275836972343522446e-01
6.147460937500000000e-01 1.587000000000000000e+03 2.748000000000000000e+03 1.116000000000000000e+03 2.748000000000000000e+03 5.856986899563318971e-01 5.775109170305676720e-01 4.061135371179039333e-01
6.196289062500000000e-01 1.525000000000000000e+03 2.748000000000000000e+03 1.060000000000000000e+03 2.748000000000000000e+03 5.846069868995633634e-01 5.549490538573508269e-01 3.857350800582241557e-01
6.245117187500000000e-01 1.465000000000000000e+03 2.748000000000000000e+03 1.006000000000000000e+03 2.748000000000000000e+03 5.835152838427947186e-01 5.331149927219795970e-01 3.660844250363901042e-01
6.293945312500000000e-01 1.402000000000000000e+03 2.748000000000000000e+03 9.590000000000000000e+02 2.748000000000000000e+03 5.806040756914119250e-01 5.101892285298398333e-01 3.489810771470160389e-01
6.342773437500000000e-01 1.344000000000000000e+03 2.748000000000000000e+03 8.910000000000000000e+02 2.748000000000000000e+03 5.824235807860261849e-01 4.890829694323143850e-01 3.242358078602620153e-01
6.391601562500000000e-01 1.297000000000000000e+03 2.748000000000000000e+03 8.480000000000000000e+02 2.748000000000000000e+03 5.816957787481804587e-01 4.719796215429403197e-01 3.085880640465793467e-01
6.440429687500000000e-01 1.241000000000000000e+03 2.748000000000000000e+03 7.980000000000000000e+02 2.748000000000000000e+03 5.806040756914119250e-01 4.516011644832605421e-01 2.903930131004366921e-01
6.489257812500000000e-01 1.187000000000000000e+03 2.748000000000000000e+03 7.370000000000000000e+02 2.748000000000000000e+03 5.818777292576419180e-01 4.319505094614264906e-01 2.681950509461426546e-01
6.538085937500000000e-01 1.127000000000000000e+03 2.748000000000000000e+03 6.770000000000000000e+02 2.748000000000000000e+03 5.818777292576419180e-01 4.101164483260553162e-01 2.463609898107714802e-01
6.586914062500000000e-01 1.066000000000000000e+03 2.748000000000000000e+03 6.230000000000000000e+02 2.748000000000000000e+03 5.806040756914119250e-01 3.879184861717612787e-01 2.267103347889374010e-01
6.635742187500000000e-01 1.015000000000000000e+03 2.748000000000000000e+03 5.730000000000000000e+02 2.748000000000000000e+03 5.804221251819504657e-01 3.693595342066957610e-01 2.085152838427947464e-01
6.684570312500000000e-01 9.580000000000000000e+02 2.748000000000000000e+03 5.230000000000000000e+02 2.748000000000000000e+03 5.791484716157204726e-01 3.486171761280931758e-01 1.903202328966521195e-01
6.733398437500000000e-01 9.020000000000000000e+02 2.748000000000000000e+03 4.670000000000000000e+02 2.748000000000000000e+03 5.791484716157204726e-01 3.282387190684133982e-01 1.699417758369723419e-01
6.782226562500000000e-01 8.470000000000000000e+02 2.748000000000000000e+03 4.260000000000000000e+02 2.748000000000000000e+03 5.766011644832605976e-01 3.082241630276564837e-01 1.550218340611353718e-01
6.831054687500000000e-01 7.770000000000000000e+02 2.748000000000000000e+03 3.810000000000000000e+02 2.748000000000000000e+03 5.720524017467248923e-01 2.827510917030567894e-01 1.386462882096069771e-01
6.879882812500000000e-01 7.280000000000000000e+02 2.748000000000000000e+03 3.430000000000000000e+02 2.748000000000000000e+03 5.700509461426491731e-01 2.649199417758369979e-01 1.248180494905385685e-01
6.928710937500000000e-01 6.810000000000000000e+02 2.748000000000000000e+03 3.140000000000000000e+02 2.748000000000000000e+03 5.667758369723435719e-01 2.478165938864628770e-01 1.142649199417758304e-01
6.977539062500000000e-01 6.330000000000000000e+02 2.748000000000000000e+03 2.870000000000000000e+02 2.748000000000000000e+03 5.629548762736535927e-01 2.303493449781659486e-01 1.044395924308588047e-01
7.026367187500000000e-01 5.780000000000000000e+02 2.748000000000000000e+03 2.660000000000000000e+02 2.748000000000000000e+03 5.567685589519650868e-01 2.103347889374090340e-01 9.679767103347888813e-02
7.075195312500000000e-01 5.340000000000000000e+02 2.748000000000000000e+03 2.380000000000000000e+02 2.748000000000000000e+03 5.538573508005822932e-01 1.943231441048035024e-01 8.660844250363901320e-02
7.124023437500000000e-01 4.880000000000000000e+02 2.748000000000000000e+03 2.220000000000000000e+02 2.748000000000000000e+03 5.483988355167394024e-01 1.775836972343522446e-01 8.078602620087335651e-02
7.172851562500000000e-01 4.490000000000000000e+02 2.748000000000000000e+03 1.840000000000000000e+02 2.748000000000000000e+03 5.482168850072780542e-01 1.633915574963610007e-01 6.695778748180494788e-02
7.221679687500000000e-01 4.170000000000000000e+02 2.748000000000000000e+03 1.660000000000000000e+02 2.748000000000000000e+03 5.456695778748180681e-01 1.517467248908296873e-01 6.040756914119359278e-02
7.270507812500000000e-01 3.790000000000000000e+02 2.748000000000000000e+03 1.420000000000000000e+02 2.748000000000000000e+03 5.431222707423580820e-01 1.379184861717612787e-01 5.167394468704512162e-02
7.319335937500000000e-01 3.500000000000000000e+02 2.748000000000000000e+03 1.180000000000000000e+02 2.748000000000000000e+03 5.422125181950508965e-01 1.273653566229985545e-01 4.294032023289665045e-02
7.368164062500000000e-01 3.220000000000000000e+02 2.748000000000000000e+03 1.030000000000000000e+02 2.748000000000000000e+03 5.398471615720523697e-01 1.171761280931586657e-01 3.748180494905385685e-02
7.416992187500000000e-01 2.880000000000000000e+02 2.748000000000000000e+03 8.600000000000000000e+01 2.748000000000000000e+03 5.367540029112081168e-01 1.048034934497816539e-01 3.129548762736535789e-02
7.465820312500000000e-01 2.650000000000000000e+02 2.748000000000000000e+03 7.600000000000000000e+01 2.748000000000000000e+03 5.343886462882095900e-01 9.643377001455603892e-02 2.765647743813682766e-02
7.514648437500000000e-01 2.480000000000000000e+02 2.748000000000000000e+03 7.000000000000000000e+01 2.748000000000000000e+03 5.323871906841338708e-01 9.024745269286754690e-02 2.547307132459970813e-02
7.563476562500000000e-01 2.210000000000000000e+02 2.748000000000000000e+03 6.600000000000000000e+01 2.748000000000000000e+03 5.282023289665210841e-01 8.042212518195050730e-02 2.401746724890829743e-02
7.612304687500000000e-01 1.910000000000000000e+02 2.748000000000000000e+03 5.400000000000000000e+01 2.748000000000000000e+03 5.249272197962154829e-01 6.950509461426492008e-02 1.965065502183406185e-02
7.661132812500000000e-01 1.750000000000000000e+02 2.748000000000000000e+03 4.900000000000000000e+01 2.748000000000000000e+03 5.229257641921397637e-01 6.368267831149927727e-02 1.783114992721979500e-02
7.709960937500000000e-01 1.590000000000000000e+02 2.748000000000000000e+03 4.100000000000000000e+01 2.748000000000000000e+03 5.214701601164483113e-01 5.786026200873362751e-02 1.491994177583697186e-02
7.758789062500000000e-01 1.400000000000000000e+02 2.748000000000000000e+03 3.400000000000000000e+01 2.748000000000000000e+03 5.192867540029112439e-01 5.094614264919941626e-02 1.237263464337700139e-02
7.807617187500000000e-01 1.240000000000000000e+02 2.748000000000000000e+03 3.000000000000000000e+01 2.748000000000000000e+03 5.171033478893740654e-01 4.512372634643377345e-02 1.091703056768558895e-02
7.856445312500000000e-01 1.010000000000000000e+02 2.748000000000000000e+03 2.600000000000000000e+01 2.748000000000000000e+03 5.136462882096070048e-01 3.675400291120815149e-02 9.461426491994178248e-03
7.905273437500000000e-01 9.400000000000000000e+01 2.748000000000000000e+03 2.200000000000000000e+01 2.748000000000000000e+03 5.131004366812227380e-01 3.420669577874817929e-02 8.005822416302765809e-03
7.954101562500000000e-01 7.800000000000000000e+01 2.748000000000000000e+03 2.100000000000000000e+01 2.748000000000000000e+03 5.103711790393012926e-01 2.838427947598253301e-02 7.641921397379912266e-03
8.002929687500000000e-01 6.600000000000000000e+01 2.748000000000000000e+03 1.700000000000000000e+01 2.748000000000000000e+03 5.089155749636099513e-01 2.401746724890829743e-02 6.186317321688500695e-03
8.051757812500000000e-01 5.100000000000000000e+01 2.748000000000000000e+03 1.500000000000000000e+01 2.748000000000000000e+03 5.065502183406113135e-01 1.855895196506550382e-02 5.458515283842794476e-03
8.100585937500000000e-01 4.700000000000000000e+01 2.748000000000000000e+03 1.400000000000000000e+01 2.748000000000000000e+03 5.060043668122270466e-01 1.710334788937408965e-02 5.094614264919941800e-03
8.149414062500000000e-01 4.000000000000000000e+01 2.748000000000000000e+03 1.300000000000000000e+01 2.748000000000000000e+03 5.049126637554585129e-01 1.455604075691411918e-02 4.730713245997089124e-03
8.198242187500000000e-01 3.400000000000000000e+01 2.748000000000000000e+03 1.200000000000000000e+01 2.748000000000000000e+03 5.040029112081513274e-01 1.237263464337700139e-02 4.366812227074235581e-03
8.247070312500000000e-01 2.500000000000000000e+01 2.748000000000000000e+03 1.100000000000000000e+01 2.748000000000000000e+03 5.025473071324599861e-01 9.097525473071323837e-03 4.002911208151382905e-03
8.295898437500000000e-01 2.400000000000000000e+01 2.748000000000000000e+03 9.000000000000000000e+00 2.748000000000000000e+03 5.027292576419214454e-01 8.733624454148471161e-03 3.275109170305676685e-03
8.344726562500000000e-01 2.200000000000000000e+01 2.748000000000000000e+03 7.000000000000000000e+00 2.748000000000000000e+03 5.027292576419214454e-01 8.005822416302765809e-03 2.547307132459970900e-03
8.393554687500000000e-01 2.000000000000000000e+01 2.748000000000000000e+03 6.000000000000000000e+00 2.748000000000000000e+03 5.025473071324599861e-01 7.278020378457059590e-03 2.183406113537117790e-03
8.442382812500000000e-01 1.500000000000000000e+01 2.748000000000000000e+03 5.000000000000000000e+00 2.748000000000000000e+03 5.018195050946142599e-01 5.458515283842794476e-03 1.819505094614264898e-03
8.491210937500000000e-01 1.300000000000000000e+01 2.748000000000000000e+03 5.000000000000000000e+00 2.748000000000000000e+03 5.014556040756914523e-01 4.730713245997089124e-03 1.819505094614264898e-03
8.540039062500000000e-01 1.200000000000000000e+01 2.748000000000000000e+03 5.000000000000000000e+00 2.748000000000000000e+03 5.012736535662299930e-01 4.366812227074235581e-03 1.819505094614264898e-03
8.588867187500000000e-01 1.200000000000000000e+01 2.748000000000000000e+03 3.000000000000000000e+00 2.748000000000000000e+03 5.016375545851528006e-01 4.366812227074235581e-03 1.091703056768558895e-03
8.637695312500000000e-01 8.000000000000000000e+00 2.748000000000000000e+03 2.000000000000000000e+00 2.748000000000000000e+03 5.010917030567685337e-01 2.911208151382824010e-03 7.278020378457060024e-04
8.686523437500000000e-01 5.000000000000000000e+00 2.748000000000000000e+03 1.000000000000000000e+00 2.748000000000000000e+03 5.007278020378457262e-01 1.819505094614264898e-03 3.639010189228530012e-04
8.735351562500000000e-01 5.000000000000000000e+00 2.748000000000000000e+03 1.000000000000000000e+00 2.748000000000000000e+03 5.007278020378457262e-01 1.819505094614264898e-03 3.639010189228530012e-04
8.784179687500000000e-01 2.000000000000000000e+00 2.748000000000000000e+03 1.000000000000000000e+00 2.748000000000000000e+03 5.001819505094614593e-01 7.278020378457060024e-04 3.639010189228530012e-04
8.833007812500000000e-01 2.000000000000000000e+00 2.748000000000000000e+03 0.000000000000000000e+00 2.748000000000000000e+03 5.003639010189228076e-01 7.278020378457060024e-04 0.000000000000000000e+00
8.881835937500000000e-01 2.000000000000000000e+00 2.748000000000000000e+03 0.000000000000000000e+00 2.748000000000000000e+03 5.003639010189228076e-01 7.278020378457060024e-04 0.000000000000000000e+00
8.930664062500000000e-01 2.000000000000000000e+00 2.748000000000000000e+03 0.000000000000000000e+00 2.748000000000000000e+03 5.003639010189228076e-01 7.278020378457060024e-04 0.000000000000000000e+00
