6.000976562500000000e-01 2.726000000000000000e+03 2.748000000000000000e+03 2.699000000000000000e+03 2.748000000000000000e+03 5.049126637554585129e-01 9.919941775836972342e-01 9.821688500727802085e-01
6.049804687500000000e-01 2.720000000000000000e+03 2.748000000000000000e+03 2.686000000000000000e+03 2.748000000000000000e+03 5.061863173216885059e-01 9.898107714701601667e-01 9.774381368267831549e-01
6.098632812500000000e-01 2.715000000000000000e+03 2.748000000000000000e+03 2.676000000000000000e+03 2.748000000000000000e+03 5.070960698689955803e-01 9.879912663755459068e-01 9.737991266375546351e-01
6.147460937500000000e-01 2.707000000000000000e+03 2.748000000000000000e+03 2.662000000000000000e+03 2.748000000000000000e+03 5.081877729257642251e-01 9.850800582241630021e-01 9.687045123726346629e-01
6.196289062500000000e-01 2.702000000000000000e+03 2.748000000000000000e+03 2.650000000000000000e+03 2.748000000000000000e+03 5.094614264919942181e-01 9.832605531295487422e-01 9.643377001455604169e-01
6.245117187500000000e-01 2.700000000000000000e+03 2.748000000000000000e+03 2.636000000000000000e+03 2.748000000000000000e+03 5.116448326055312856e-01 9.825327510917030160e-01 9.592430858806404448e-01
6.293945312500000000e-01 2.692000000000000000e+03 2.748000000000000000e+03 2.629000000000000000e+03 2.748000000000000000e+03 5.114628820960698263e-01 9.796215429403202224e-01 9.566957787481804587e-01
6.342773437500000000e-01 2.686000000000000000e+03 2.748000000000000000e+03 2.610000000000000000e+03 2.748000000000000000e+03 5.138282387190684641e-01 9.774381368267831549e-01 9.497816593886463377e-01
6.391601562500000000e-01 2.681000000000000000e+03 2.748000000000000000e+03 2.595000000000000000e+03 2.748000000000000000e+03 5.156477438136827240e-01 9.756186317321688950e-01 9.443231441048034469e-01
6.440429687500000000e-01 2.671000000000000000e+03 2.748000000000000000e+03 2.576000000000000000e+03 2.748000000000000000e+03 5.172852983988355247e-01 9.719796215429403752e-01 9.374090247452693259e-01
6.489257812500000000e-01 2.661000000000000000e+03 2.748000000000000000e+03 2.558000000000000000e+03 2.748000000000000000e+03 5.187409024745269770e-01 9.683406113537117443e-01 9.308588064046579014e-01
6.538085937500000000e-01 2.652000000000000000e+03 2.748000000000000000e+03 2.530000000000000000e+03 2.748000000000000000e+03 5.221979621542940375e-01 9.650655021834061431e-01 9.206695778748180681e-01
6.586914062500000000e-01 2.640000000000000000e+03 2.748000000000000000e+03 2.507000000000000000e+03 2.748000000000000000e+03 5.241994177583697567e-01 9.606986899563318971e-01 9.122998544395923837e-01
6.635742187500000000e-01 2.633000000000000000e+03 2.748000000000000000e+03 2.466000000000000000e+03 2.748000000000000000e+03 5.303857350800582626e-01 9.581513828238719110e-01 8.973799126637554968e-01
6.684570312500000000e-01 2.620000000000000000e+03 2.748000000000000000e+03 2.431000000000000000e+03 2.748000000000000000e+03 5.343886462882095900e-01 9.534206695778748575e-01 8.846433770014555664e-01
6.733398437500000000e-01 2.604000000000000000e+03 2.748000000000000000e+03 2.389000000000000000e+03 2.748000000000000000e+03 5.391193595342066436e-01 9.475982532751091592e-01 8.693595342066957610e-01
6.782226562500000000e-01 2.582000000000000000e+03 2.748000000000000000e+03 2.353000000000000000e+03 2.748000000000000000e+03 5.416666666666666297e-01 9.395924308588063933e-01 8.562590975254730230e-01
6.831054687500000000e-01 2.570000000000000000e+03 2.748000000000000000e+03 2.311000000000000000e+03 2.748000000000000000e+03 5.471251819505094094e-01 9.352256186317321474e-01 8.409752547307132176e-01
6.879882812500000000e-01 2.543000000000000000e+03 2.748000000000000000e+03 2.267000000000000000e+03 2.748000000000000000e+03 5.502183406113536623e-01 9.254002911208151216e-01 8.249636098981076859e-01
6.928710937500000000e-01 2.522000000000000000e+03 2.748000000000000000e+03 2.235000000000000000e+03 2.748000000000000000e+03 5.522197962154293815e-01 9.177583697234352744e-01 8.133187772925764003e-01
6.977539062500000000e-01 2.493000000000000000e+03 2.748000000000000000e+03 2.188000000000000000e+03 2.748000000000000000e+03 5.554949053857350938e-01 9.072052401746725225e-01 7.962154294032023349e-01
7.026367187500000000e-01 2.468000000000000000e+03 2.748000000000000000e+03 2.153000000000000000e+03 2.748000000000000000e+03 5.573144104803493537e-01 8.981077147016011120e-01 7.834788937409025156e-01
7.075195312500000000e-01 2.443000000000000000e+03 2.748000000000000000e+03 2.095000000000000000e+03 2.748000000000000000e+03 5.633187772925764003e-01 8.890101892285298124e-01 7.623726346433770118e-01
7.124023437500000000e-01 2.409000000000000000e+03 2.748000000000000000e+03 2.045000000000000000e+03 2.748000000000000000e+03 5.662299854439591940e-01 8.766375545851528006e-01 7.441775836972343017e-01
7.172851562500000000e-01 2.368000000000000000e+03 2.748000000000000000e+03 1.989000000000000000e+03 2.748000000000000000e+03 5.689592430858806393e-01 8.617176128093159138e-01 7.237991266375546351e-01
7.221679687500000000e-01 2.328000000000000000e+03 2.748000000000000000e+03 1.935000000000000000e+03 2.748000000000000000e+03 5.715065502183406254e-01 8.471615720524017235e-01 7.041484716157204726e-01
7.270507812500000000e-01 2.298000000000000000e+03 2.748000000000000000e+03 1.886000000000000000e+03 2.748000000000000000e+03 5.749636098981076859e-01 8.362445414847161640e-01 6.863173216885006811e-01
7.319335937500000000e-01 2.276000000000000000e+03 2.748000000000000000e+03 1.836000000000000000e+03 2.748000000000000000e+03 5.800582241630276581e-01 8.282387190684133982e-01 6.681222707423580820e-01
7.368164062500000000e-01 2.242000000000000000e+03 2.748000000000000000e+03 1.780000000000000000e+03 2.748000000000000000e+03 5.840611353711789855e-01 8.158660844250363864e-01 6.477438136826783044e-01
7.416992187500000000e-01 2.204000000000000000e+03 2.748000000000000000e+03 1.706000000000000000e+03 2.748000000000000000e+03 5.906113537117904100e-01 8.020378457059679222e-01 6.208151382823872133e-01
7.465820312500000000e-01 2.162000000000000000e+03 2.748000000000000000e+03 1.644000000000000000e+03 2.748000000000000000e+03 5.942503639010189298e-01 7.867540029112081168e-01 5.982532751091702572e-01
7.514648437500000000e-01 2.116000000000000000e+03 2.748000000000000000e+03 1.577000000000000000e+03 2.748000000000000000e+03 5.980713245997089089e-01 7.700145560407568590e-01 5.738719068413391522e-01
7.563476562500000000e-01 2.076000000000000000e+03 2.748000000000000000e+03 1.504000000000000000e+03 2.748000000000000000e+03 6.040756914119359555e-01 7.554585152838427797e-01 5.473071324599708687e-01
7.612304687500000000e-01 2.032000000000000000e+03 2.748000000000000000e+03 1.425000000000000000e+03 2.748000000000000000e+03 6.104439592430859207e-01 7.394468704512372481e-01 5.185589519650655177e-01
7.661132812500000000e-01 1.975000000000000000e+03 2.748000000000000000e+03 1.358000000000000000e+03 2.748000000000000000e+03 6.122634643377001806e-01 7.187045123726346629e-01 4.941775836972343572e-01
7.709960937500000000e-01 1.915000000000000000e+03 2.748000000000000000e+03 1.282000000000000000e+03 2.748000000000000000e+03 6.151746724890829743e-01 6.968704512372634330e-01 4.665211062590975399e-01
7.758789062500000000e-01 1.863000000000000000e+03 2.748000000000000000e+03 1.217000000000000000e+03 2.748000000000000000e+03 6.175400291120815011e-01 6.779475982532751077e-01 4.428675400291121056e-01
7.807617187500000000e-01 1.805000000000000000e+03 2.748000000000000000e+03 1.151000000000000000e+03 2.748000000000000000e+03 6.189956331877729534e-01 6.568413391557496039e-01 4.188500727802038082e-01
7.856445312500000000e-01 1.752000000000000000e+03 2.748000000000000000e+03 1.071000000000000000e+03 2.748000000000000000e+03 6.239082969432314663e-01 6.375545851528384711e-01 3.897379912663755386e-01
7.905273437500000000e-01 1.690000000000000000e+03 2.748000000000000000e+03 9.990000000000000000e+02 2.748000000000000000e+03 6.257278020378457262e-01 6.149927219796215150e-01 3.635371179039301182e-01
7.954101562500000000e-01 1.631000000000000000e+03 2.748000000000000000e+03 9.180000000000000000e+02 2.748000000000000000e+03 6.297307132459970536e-01 5.935225618631732036e-01 3.340611353711790410e-01
8.002929687500000000e-01 1.556000000000000000e+03 2.748000000000000000e+03 8.400000000000000000e+02 2.748000000000000000e+03 6.302765647743813204e-01 5.662299854439591940e-01 3.056768558951964976e-01
8.051757812500000000e-01 1.487000000000000000e+03 2.748000000000000000e+03 7.690000000000000000e+02 2.748000000000000000e+03 6.306404657933042390e-01 5.411208151382823628e-01 2.798398835516739402e-01
8.100585937500000000e-01 1.418000000000000000e+03 2.748000000000000000e+03 7.110000000000000000e+02 2.748000000000000000e+03 6.286390101892285198e-01 5.160116448326055316e-01 2.587336244541484920e-01
8.149414062500000000e-01 1.348000000000000000e+03 2.748000000000000000e+03 6.500000000000000000e+02 2.748000000000000000e+03 6.270014556040757192e-01 4.905385735080058374e-01 2.365356622998544267e-01
8.198242187500000000e-01 1.261000000000000000e+03 2.748000000000000000e+03 5.710000000000000000e+02 2.748000000000000000e+03 6.255458515283842669e-01 4.588791848617176372e-01 2.077874818049490480e-01
8.247070312500000000e-01 1.193000000000000000e+03 2.748000000000000000e+03 5.080000000000000000e+02 2.748000000000000000e+03 6.246360989810771924e-01 4.341339155749636136e-01 1.848617176128093120e-01
8.295898437500000000e-01 1.137000000000000000e+03 2.748000000000000000e+03 4.600000000000000000e+02 2.748000000000000000e+03 6.231804949053857401e-01 4.137554585152838360e-01 1.673944687045123836e-01
8.344726562500000000e-01 1.048000000000000000e+03 2.748000000000000000e+03 4.100000000000000000e+02 2.748000000000000000e+03 6.160844250363900487e-01 3.813682678311499097e-01 1.491994177583697290e-01
8.393554687500000000e-01 9.820000000000000000e+02 2.748000000000000000e+03 3.630000000000000000e+02 2.748000000000000000e+03 6.126273653566229882e-01 3.573508005822416123e-01 1.320960698689956359e-01
8.442382812500000000e-01 9.290000000000000000e+02 2.748000000000000000e+03 3.260000000000000000e+02 2.748000000000000000e+03 6.097161572052401945e-01 3.380640465793304239e-01 1.186317321688500764e-01
8.491210937500000000e-01 8.740000000000000000e+02 2.748000000000000000e+03 2.880000000000000000e+02 2.748000000000000000e+03 6.066229985443959416e-01 3.180494905385735094e-01 1.048034934497816539e-01
8.540039062500000000e-01 8.160000000000000000e+02 2.748000000000000000e+03 2.430000000000000000e+02 2.748000000000000000e+03 6.042576419213974148e-01 2.969432314410480611e-01 8.842794759825327311e-02
8.588867187500000000e-01 7.600000000000000000e+02 2.748000000000000000e+03 2.030000000000000000e+02 2.748000000000000000e+03 6.013464337700145101e-01 2.765647743813682835e-01 7.387190684133915219e-02
8.637695312500000000e-01 6.820000000000000000e+02 2.748000000000000000e+03 1.780000000000000000e+02 2.748000000000000000e+03 5.917030567685589437e-01 2.481804949053857401e-01 6.477438136826782489e-02
8.686523437500000000e-01 6.300000000000000000e+02 2.748000000000000000e+03 1.480000000000000000e+02 2.748000000000000000e+03 5.877001455604076163e-01 2.292576419213973871e-01 5.385735080058224461e-02
8.735351562500000000e-01 5.800000000000000000e+02 2.748000000000000000e+03 1.250000000000000000e+02 2.748000000000000000e+03 5.827874818049491035e-01 2.110625909752547325e-01 4.548762736535662266e-02
8.784179687500000000e-01 5.380000000000000000e+02 2.748000000000000000e+03 1.020000000000000000e+02 2.748000000000000000e+03 5.793304221251819319e-01 1.957787481804948992e-01 3.711790393013100764e-02
8.833007812500000000e-01 4.790000000000000000e+02 2.748000000000000000e+03 8.100000000000000000e+01 2.748000000000000000e+03 5.724163027656476999e-01 1.743085880640465879e-01 2.947598253275109104e-02
8.881835937500000000e-01 4.160000000000000000e+02 2.748000000000000000e+03 6.500000000000000000e+01 2.748000000000000000e+03 5.638646288209606672e-01 1.513828238719068520e-01 2.365356622998544475e-02
8.930664062500000000e-01 3.750000000000000000e+02 2.748000000000000000e+03 5.200000000000000000e+01 2.748000000000000000e+03 5.587700145560408060e-01 1.364628820960698818e-01 1.892285298398835650e-02
