3.999023437500000000e-01 2.748000000000000000e+03 2.748000000000000000e+03 2.748000000000000000e+03 2.748000000000000000e+03 5.000000000000000000e-01 1.000000000000000000e+00 1.000000000000000000e+00
4.050292968750000000e-01 2.748000000000000000e+03 2.748000000000000000e+03 2.748000000000000000e+03 2.748000000000000000e+03 5.000000000000000000e-01 1.000000000000000000e+00 1.000000000000000000e+00
4.101562500000000000e-01 2.748000000000000000e+03 2.748000000000000000e+03 2.748000000000000000e+03 2.748000000000000000e+03 5.000000000000000000e-01 1.000000000000000000e+00 1.000000000000000000e+00
4.152832031250000000e-01 2.748000000000000000e+03 2.748000000000000000e+03 2.748000000000000000e+03 2.748000000000000000e+03 5.000000000000000000e-01 1.000000000000000000e+00 1.000000000000000000e+00
4.204101562500000000e-01 2.748000000000000000e+03 2.748000000000000000e+03 2.748000000000000000e+03 2.748000000000000000e+03 5.000000000000000000e-01 1.000000000000000000e+00 1.000000000000000000e+00
4.255371093750000000e-01 2.748000000000000000e+03 2.748000000000000000e+03 2.748000000000000000e+03 2.748000000000000000e+03 5.000000000000000000e-01 1.000000000000000000e+00 1.000000000000000000e+00
4.306640625000000000e-01 2.748000000000000000e+03 2.748000000000000000e+03 2.748000000000000000e+03 2.748000000000000000e+03 5.000000000000000000e-01 1.000000000000000000e+00 1.000000000000000000e+00
4.357910156250000000e-01 2.748000000000000000e+03 2.748000000000000000e+03 2.748000000000000000e+03 2.748000000000000000e+03 5.000000000000000000e-01 1.000000000000000000e+00 1.000000000000000000e+00
4.409179687500000000e-01 2.748000000000000000e+03 2.748000000000000000e+03 2.748000000000000000e+03 2.748000000000000000e+03 5.000000000000000000e-01 1.000000000000000000e+00 1.000000000000000000e+00
4.460449218750000000e-01 2.748000000000000000e+03 2.748000000000000000e+03 2.748000000000000000e+03 2.748000000000000000e+03 5.000000000000000000e-01 1.000000000000000000e+00 1.000000000000000000e+00
4.511718750000000000e-01 2.748000000000000000e+03 2.748000000000000000e+03 2.748000000000000000e+03 2.748000000000000000e+03 5.000000000000000000e-01 1.000000000000000000e+00 1.000000000000000000e+00
4.562988281250000000e-01 2.748000000000000000e+03 2.748000000000000000e+03 2.748000000000000000e+03 2.748000000000000000e+03 5.000000000000000000e-01 1.000000000000000000e+00 1.000000000000000000e+00
4.614257812500000000e-01 2.748000000000000000e+03 2.748000000000000000e+03 2.748000000000000000e+03 2.748000000000000000e+03 5.000000000000000000e-01 1.000000000000000000e+00 1.000000000000000000e+00
4.665527343750000000e-01 2.748000000000000000e+03 2.748000000000000000e+03 2.748000000000000000e+03 2.748000000000000000e+03 5.000000000000000000e-01 1.000000000000000000e+00 1.000000000000000000e+00
4.716796875000000000e-01 2.748000000000000000e+03 2.748000000000000000e+03 2.748000000000000000e+03 2.748000000000000000e+03 5.000000000000000000e-01 1.000000000000000000e+00 1.000000000000000000e+00
4.768066406250000000e-01 2.748000000000000000e+03 2.748000000000000000e+03 2.748000000000000000e+03 2.748000000000000000e+03 5.000000000000000000e-01 1.000000000000000000e+00 1.000000000000000000e+00
4.819335937500000000e-01 2.748000000000000000e+03 2.748000000000000000e+03 2.748000000000000000e+03 2.748000000000000000e+03 5.000000000000000000e-01 1.000000000000000000e+00 1.000000000000000000e+00
4.870605468750000000e-01 2.748000000000000000e+03 2.748000000000000000e+03 2.748000000000000000e+03 2.748000000000000000e+03 5.000000000000000000e-01 1.000000000000000000e+00 1.000000000000000000e+00
4.921875000000000000e-01 2.748000000000000000e+03 2.748000000000000000e+03 2.748000000000000000e+03 2.748000000000000000e+03 5.000000000000000000e-01 1.000000000000000000e+00 1.000000000000000000e+00
4.973144531250000000e-01 2.748000000000000000e+03 2.748000000000000000e+03 2.748000000000000000e+03 2.748000000000000000e+03 5.000000000000000000e-01 1.000000000000000000e+00 1.000000000000000000e+00
5.024414062500000000e-01 2.748000000000000000e+03 2.748000000000000000e+03 2.748000000000000000e+03 2.748000000000000000e+03 5.000000000000000000e-01 1.000000000000000000e+00 1.000000000000000000e+00
5.078125000000000000e-01 2.748000000000000000e+03 2.748000000000000000e+03 2.748000000000000000e+03 2.748000000000000000e+03 5.000000000000000000e-01 1.000000000000000000e+00 1.000000000000000000e+00
5.126953125000000000e-01 2.748000000000000000e+03 2.748000000000000000e+03 2.748000000000000000e+03 2.748000000000000000e+03 5.000000000000000000e-01 1.000000000000000000e+00 1.000000000000000000e+00
5.175781250000000000e-01 2.748000000000000000e+03 2.748000000000000000e+03 2.748000000000000000e+03 2.748000000000000000e+03 5.000000000000000000e-01 1.000000000000000000e+00 1.000000000000000000e+00
5.229492187500000000e-01 2.748000000000000000e+03 2.748000000000000000e+03 2.748000000000000000e+03 2.748000000000000000e+03 5.000000000000000000e-01 1.000000000000000000e+00 1.000000000000000000e+00
5.283203125000000000e-01 2.748000000000000000e+03 2.748000000000000000e+03 2.748000000000000000e+03 2.748000000000000000e+03 5.000000000000000000e-01 1.000000000000000000e+00 1.000000000000000000e+00
5.332031250000000000e-01 2.748000000000000000e+03 2.748000000000000000e+03 2.748000000000000000e+03 2.748000000000000000e+03 5.000000000000000000e-01 1.000000000000000000e+00 1.000000000000000000e+00
5.380859375000000000e-01 2.748000000000000000e+03 2.748000000000000000e+03 2.748000000000000000e+03 2.748000000000000000e+03 5.000000000000000000e-01 1.000000000000000000e+00 1.000000000000000000e+00
5.434570312500000000e-01 2.748000000000000000e+03 2.748000000000000000e+03 2.748000000000000000e+03 2.748000000000000000e+03 5.000000000000000000e-01 1.000000000000000000e+00 1.000000000000000000e+00
5.488281250000000000e-01 2.748000000000000000e+03 2.748000000000000000e+03 2.747000000000000000e+03 2.748000000000000000e+03 5.001819505094614593e-01 1.000000000000000000e+00 9.996360989810771924e-01
5.537109375000000000e-01 2.748000000000000000e+03 2.748000000000000000e+03 2.747000000000000000e+03 2.748000000000000000e+03 5.001819505094614593e-01 1.000000000000000000e+00 9.996360989810771924e-01
5.585937500000000000e-01 2.748000000000000000e+03 2.748000000000000000e+03 2.745000000000000000e+03 2.748000000000000000e+03 5.005458515283842669e-01 1.000000000000000000e+00 9.989082969432314663e-01
5.639648437500000000e-01 2.748000000000000000e+03 2.748000000000000000e+03 2.745000000000000000e+03 2.748000000000000000e+03 5.005458515283842669e-01 1.000000000000000000e+00 9.989082969432314663e-01
5.693359375000000000e-01 2.747000000000000000e+03 2.748000000000000000e+03 2.745000000000000000e+03 2.748000000000000000e+03 5.003639010189228076e-01 9.996360989810771924e-01 9.989082969432314663e-01
5.742187500000000000e-01 2.747000000000000000e+03 2.748000000000000000e+03 2.745000000000000000e+03 2.748000000000000000e+03 5.003639010189228076e-01 9.996360989810771924e-01 9.989082969432314663e-01
5.791015625000000000e-01 2.747000000000000000e+03 2.748000000000000000e+03 2.743000000000000000e+03 2.748000000000000000e+03 5.007278020378457262e-01 9.996360989810771924e-01 9.981804949053857401e-01
5.844726562500000000e-01 2.744000000000000000e+03 2.748000000000000000e+03 2.743000000000000000e+03 2.748000000000000000e+03 5.001819505094614593e-01 9.985443959243085477e-01 9.981804949053857401e-01
5.898437500000000000e-01 2.743000000000000000e+03 2.748000000000000000e+03 2.740000000000000000e+03 2.748000000000000000e+03 5.005458515283842669e-01 9.981804949053857401e-01 9.970887918486172063e-01
5.947265625000000000e-01 2.742000000000000000e+03 2.748000000000000000e+03 2.738000000000000000e+03 2.748000000000000000e+03 5.007278020378457262e-01 9.978165938864629325e-01 9.963609898107714802e-01
5.996093750000000000e-01 2.741000000000000000e+03 2.748000000000000000e+03 2.738000000000000000e+03 2.748000000000000000e+03 5.005458515283842669e-01 9.974526928675400139e-01 9.963609898107714802e-01
6.049804687500000000e-01 2.739000000000000000e+03 2.748000000000000000e+03 2.734000000000000000e+03 2.748000000000000000e+03 5.009097525473071855e-01 9.967248908296942878e-01 9.949053857350800278e-01
6.103515625000000000e-01 2.737000000000000000e+03 2.748000000000000000e+03 2.729000000000000000e+03 2.748000000000000000e+03 5.014556040756914523e-01 9.959970887918486726e-01 9.930858806404657679e-01
6.152343750000000000e-01 2.732000000000000000e+03 2.748000000000000000e+03 2.726000000000000000e+03 2.748000000000000000e+03 5.010917030567685337e-01 9.941775836972343017e-01 9.919941775836972342e-01
6.201171875000000000e-01 2.726000000000000000e+03 2.748000000000000000e+03 2.720000000000000000e+03 2.748000000000000000e+03 5.010917030567685337e-01 9.919941775836972342e-01 9.898107714701601667e-01
6.254882812500000000e-01 2.724000000000000000e+03 2.748000000000000000e+03 2.710000000000000000e+03 2.748000000000000000e+03 5.025473071324599861e-01 9.912663755458515080e-01 9.861717612809315359e-01
6.308593750000000000e-01 2.720000000000000000e+03 2.748000000000000000e+03 2.703000000000000000e+03 2.748000000000000000e+03 5.030931586608442529e-01 9.898107714701601667e-01 9.836244541484716608e-01
6.357421875000000000e-01 2.719000000000000000e+03 2.748000000000000000e+03 2.692000000000000000e+03 2.748000000000000000e+03 5.049126637554585129e-01 9.894468704512372481e-01 9.796215429403202224e-01
6.406250000000000000e-01 2.718000000000000000e+03 2.748000000000000000e+03 2.688000000000000000e+03 2.748000000000000000e+03 5.054585152838427797e-01 9.890829694323144405e-01 9.781659388646287701e-01
6.459960937500000000e-01 2.711000000000000000e+03 2.748000000000000000e+03 2.674000000000000000e+03 2.748000000000000000e+03 5.067321688500727728e-01 9.865356622998544545e-01 9.730713245997089089e-01
6.513671875000000000e-01 2.708000000000000000e+03 2.748000000000000000e+03 2.663000000000000000e+03 2.748000000000000000e+03 5.081877729257642251e-01 9.854439592430859207e-01 9.690684133915574705e-01
6.562500000000000000e-01 2.700000000000000000e+03 2.748000000000000000e+03 2.650000000000000000e+03 2.748000000000000000e+03 5.090975254730712996e-01 9.825327510917030160e-01 9.643377001455604169e-01
6.611328125000000000e-01 2.693000000000000000e+03 2.748000000000000000e+03 2.635000000000000000e+03 2.748000000000000000e+03 5.105531295487627519e-01 9.799854439592431410e-01 9.588791848617176372e-01
6.665039062500000000e-01 2.688000000000000000e+03 2.748000000000000000e+03 2.616000000000000000e+03 2.748000000000000000e+03 5.131004366812227380e-01 9.781659388646287701e-01 9.519650655021834051e-01
6.718750000000000000e-01 2.683000000000000000e+03 2.748000000000000000e+03 2.602000000000000000e+03 2.748000000000000000e+03 5.147379912663755386e-01 9.763464337700145101e-01 9.468704512372634330e-01
6.767578125000000000e-01 2.675000000000000000e+03 2.748000000000000000e+03 2.586000000000000000e+03 2.748000000000000000e+03 5.161935953420669909e-01 9.734352256186317165e-01 9.410480349344978457e-01
6.816406250000000000e-01 2.665000000000000000e+03 2.748000000000000000e+03 2.565000000000000000e+03 2.748000000000000000e+03 5.181950509461425991e-01 9.697962154294031967e-01 9.334061135371178874e-01
6.870117187500000000e-01 2.656000000000000000e+03 2.748000000000000000e+03 2.545000000000000000e+03 2.748000000000000000e+03 5.201965065502183183e-01 9.665211062590974844e-01 9.261280931586608478e-01
6.923828125000000000e-01 2.642000000000000000e+03 2.748000000000000000e+03 2.519000000000000000e+03 2.748000000000000000e+03 5.223799126637554968e-01 9.614264919941776233e-01 9.166666666666666297e-01
6.972656250000000000e-01 2.631000000000000000e+03 2.748000000000000000e+03 2.489000000000000000e+03 2.748000000000000000e+03 5.258369723435225573e-01 9.574235807860261849e-01 9.057496360989810702e-01
7.021484375000000000e-01 2.619000000000000000e+03 2.748000000000000000e+03 2.459000000000000000e+03 2.748000000000000000e+03 5.291120815138282696e-01 9.530567685589519389e-01 8.948326055312955107e-01
7.075195312500000000e-01 2.603000000000000000e+03 2.748000000000000000e+03 2.420000000000000000e+03 2.748000000000000000e+03 5.332969432314410563e-01 9.472343522561863516e-01 8.806404657933042390e-01
7.128906250000000000e-01 2.590000000000000000e+03 2.748000000000000000e+03 2.377000000000000000e+03 2.748000000000000000e+03 5.387554585152838360e-01 9.425036390101891870e-01 8.649927219796215150e-01
7.177734375000000000e-01 2.574000000000000000e+03 2.748000000000000000e+03 2.334000000000000000e+03 2.748000000000000000e+03 5.436681222707423489e-01 9.366812227074235997e-01 8.493449781659389020e-01
7.226562500000000000e-01 2.555000000000000000e+03 2.748000000000000000e+03 2.287000000000000000e+03 2.748000000000000000e+03 5.487627365356623210e-01 9.297671033478893676e-01 8.322416302765647256e-01
7.280273437500000000e-01 2.537000000000000000e+03 2.748000000000000000e+03 2.239000000000000000e+03 2.748000000000000000e+03 5.542212518195051008e-01 9.232168850072780542e-01 8.147743813682678526e-01
7.333984375000000000e-01 2.519000000000000000e+03 2.748000000000000000e+03 2.186000000000000000e+03 2.748000000000000000e+03 5.605895196506550660e-01 9.166666666666666297e-01 7.954876273653566088e-01
7.382812500000000000e-01 2.494000000000000000e+03 2.748000000000000000e+03 2.127000000000000000e+03 2.748000000000000000e+03 5.667758369723435719e-01 9.075691411935953301e-01 7.740174672489082974e-01
7.431640625000000000e-01 2.463000000000000000e+03 2.748000000000000000e+03 2.065000000000000000e+03 2.748000000000000000e+03 5.724163027656476999e-01 8.962882096069868521e-01 7.514556040756914523e-01
7.485351562500000000e-01 2.423000000000000000e+03 2.748000000000000000e+03 2.013000000000000000e+03 2.748000000000000000e+03 5.745997088791848784e-01 8.817321688500727728e-01 7.325327510917030160e-01
7.539062500000000000e-01 2.385000000000000000e+03 2.748000000000000000e+03 1.943000000000000000e+03 2.748000000000000000e+03 5.804221251819504657e-01 8.679039301310044197e-01 7.070596797671033773e-01
7.587890625000000000e-01 2.348000000000000000e+03 2.748000000000000000e+03 1.859000000000000000e+03 2.748000000000000000e+03 5.889737991266376094e-01 8.544395924308587631e-01 6.764919941775836554e-01
7.636718750000000000e-01 2.309000000000000000e+03 2.748000000000000000e+03 1.781000000000000000e+03 2.748000000000000000e+03 5.960698689956331897e-01 8.402474526928674914e-01 6.481077147016011120e-01
7.690429687500000000e-01 2.258000000000000000e+03 2.748000000000000000e+03 1.690000000000000000e+03 2.748000000000000000e+03 6.033478893740902294e-01 8.216885007278020847e-01 6.149927219796215150e-01
7.744140625000000000e-01 2.203000000000000000e+03 2.748000000000000000e+03 1.590000000000000000e+03 2.748000000000000000e+03 6.115356622998544545e-01 8.016739446870451147e-01 5.786026200873362058e-01
7.792968750000000000e-01 2.150000000000000000e+03 2.748000000000000000e+03 1.516000000000000000e+03 2.748000000000000000e+03 6.153566229985444336e-01 7.823871906841338708e-01 5.516739446870451147e-01
7.841796875000000000e-01 2.086000000000000000e+03 2.748000000000000000e+03 1.413000000000000000e+03 2.748000000000000000e+03 6.224526928675400139e-01 7.590975254730712996e-01 5.141921397379912717e-01
7.895507812500000000e-01 2.016000000000000000e+03 2.748000000000000000e+03 1.320000000000000000e+03 2.748000000000000000e+03 6.266375545851528006e-01 7.336244541484716608e-01 4.803493449781659486e-01
7.949218750000000000e-01 1.942000000000000000e+03 2.748000000000000000e+03 1.218000000000000000e+03 2.748000000000000000e+03 6.317321688500727728e-01 7.066957787481804587e-01 4.432314410480349132e-01
7.998046875000000000e-01 1.878000000000000000e+03 2.748000000000000000e+03 1.138000000000000000e+03 2.748000000000000000e+03 6.346433770014555664e-01 6.834061135371178874e-01 4.141193595342066991e-01
8.046875000000000000e-01 1.811000000000000000e+03 2.748000000000000000e+03 1.043000000000000000e+03 2.748000000000000000e+03 6.397379912663755386e-01 6.590247452692867824e-01 3.795487627365356498e-01
8.100585937500000000e-01 1.739000000000000000e+03 2.748000000000000000e+03 9.410000000000000000e+02 2.748000000000000000e+03 6.451965065502183183e-01 6.328238719068413065e-01 3.424308588064046699e-01
8.154296875000000000e-01 1.643000000000000000e+03 2.748000000000000000e+03 8.430000000000000000e+02 2.748000000000000000e+03 6.455604075691412369e-01 5.978893740902474496e-01 3.067685589519650868e-01
8.203125000000000000e-01 1.565000000000000000e+03 2.748000000000000000e+03 7.550000000000000000e+02 2.748000000000000000e+03 6.473799126637554968e-01 5.695050946142649062e-01 2.747452692867540236e-01
8.251953125000000000e-01 1.491000000000000000e+03 2.748000000000000000e+03 6.800000000000000000e+02 2.748000000000000000e+03 6.475618631732168451e-01 5.425764192139738151e-01 2.474526928675400417e-01
8.305664062500000000e-01 1.386000000000000000e+03 2.748000000000000000e+03 5.950000000000000000e+02 2.748000000000000000e+03 6.439228529839883253e-01 5.043668122270742460e-01 2.165211062590975122e-01
8.359375000000000000e-01 1.290000000000000000e+03 2.748000000000000000e+03 4.960000000000000000e+02 2.748000000000000000e+03 6.444687045123725921e-01 4.694323144104803336e-01 1.804949053857350938e-01
8.408203125000000000e-01 1.215000000000000000e+03 2.748000000000000000e+03 4.270000000000000000e+02 2.748000000000000000e+03 6.433770014556040584e-01 4.421397379912663794e-01 1.553857350800582349e-01
8.457031250000000000e-01 1.137000000000000000e+03 2.748000000000000000e+03 3.620000000000000000e+02 2.748000000000000000e+03 6.410116448326055316e-01 4.137554585152838360e-01 1.317321688500727728e-01
8.510742187500000000e-01 1.039000000000000000e+03 2.748000000000000000e+03 2.940000000000000000e+02 2.748000000000000000e+03 6.355531295487627519e-01 3.780931586608442529e-01 1.069868995633187769e-01
8.564453125000000000e-01 9.360000000000000000e+02 2.748000000000000000e+03 2.290000000000000000e+02 2.748000000000000000e+03 6.286390101892285198e-01 3.406113537117904100e-01 8.333333333333332871e-02
8.613281250000000000e-01 8.490000000000000000e+02 2.748000000000000000e+03 1.800000000000000000e+02 2.748000000000000000e+03 6.217248908296942878e-01 3.089519650655022098e-01 6.550218340611353718e-02
8.662109375000000000e-01 7.800000000000000000e+02 2.748000000000000000e+03 1.400000000000000000e+02 2.748000000000000000e+03 6.164483260553129673e-01 2.838427947598253231e-01 5.094614264919941626e-02
8.715820312500000000e-01 6.930000000000000000e+02 2.748000000000000000e+03 1.020000000000000000e+02 2.748000000000000000e+03 6.075327510917030160e-01 2.521834061135371230e-01 3.711790393013100764e-02
8.769531250000000000e-01 6.060000000000000000e+02 2.748000000000000000e+03 7.600000000000000000e+01 2.748000000000000000e+03 5.964337700145559973e-01 2.205240174672488951e-01 2.765647743813682766e-02
8.818359375000000000e-01 5.300000000000000000e+02 2.748000000000000000e+03 5.600000000000000000e+01 2.748000000000000000e+03 5.862445414847161640e-01 1.928675400291120778e-01 2.037845705967976720e-02
8.867187500000000000e-01 4.680000000000000000e+02 2.748000000000000000e+03 4.400000000000000000e+01 2.748000000000000000e+03 5.771470160116448644e-01 1.703056768558952050e-01 1.601164483260553162e-02
8.920898437500000000e-01 4.020000000000000000e+02 2.748000000000000000e+03 3.300000000000000000e+01 2.748000000000000000e+03 5.671397379912663794e-01 1.462882096069869076e-01 1.200873362445414871e-02
8.974609375000000000e-01 3.290000000000000000e+02 2.748000000000000000e+03 2.200000000000000000e+01 2.748000000000000000e+03 5.558588064046579014e-01 1.197234352256186379e-01 8.005822416302765809e-03
9.023437500000000000e-01 2.740000000000000000e+02 2.748000000000000000e+03 1.500000000000000000e+01 2.748000000000000000e+03 5.471251819505094094e-01 9.970887918486172341e-02 5.458515283842794476e-03
9.072265625000000000e-01 2.150000000000000000e+02 2.748000000000000000e+03 7.000000000000000000e+00 2.748000000000000000e+03 5.378457059679767616e-01 7.823871906841339818e-02 2.547307132459970900e-03
