6.000976562500000000e-01 2.578000000000000000e+03 2.748000000000000000e+03 2.488000000000000000e+03 2.748000000000000000e+03 5.163755458515283392e-01 9.381368267831149410e-01 9.053857350800582626e-01
6.049804687500000000e-01 2.563000000000000000e+03 2.748000000000000000e+03 2.459000000000000000e+03 2.748000000000000000e+03 5.189228529839883253e-01 9.326783114992721613e-01 8.948326055312955107e-01
6.098632812500000000e-01 2.543000000000000000e+03 2.748000000000000000e+03 2.421000000000000000e+03 2.748000000000000000e+03 5.221979621542940375e-01 9.254002911208151216e-01 8.810043668122270466e-01
6.147460937500000000e-01 2.517000000000000000e+03 2.748000000000000000e+03 2.387000000000000000e+03 2.748000000000000000e+03 5.236535662299854899e-01 9.159388646288210145e-01 8.686317321688500348e-01
6.196289062500000000e-01 2.491000000000000000e+03 2.748000000000000000e+03 2.364000000000000000e+03 2.748000000000000000e+03 5.231077147016011120e-01 9.064774381368267964e-01 8.602620087336244614e-01
6.245117187500000000e-01 2.465000000000000000e+03 2.748000000000000000e+03 2.324000000000000000e+03 2.748000000000000000e+03 5.256550218340610980e-01 8.970160116448325782e-01 8.457059679767103821e-01
6.293945312500000000e-01 2.444000000000000000e+03 2.748000000000000000e+03 2.278000000000000000e+03 2.748000000000000000e+03 5.302037845705968033e-01 8.893740902474527310e-01 8.289665211062591244e-01
6.342773437500000000e-01 2.420000000000000000e+03 2.748000000000000000e+03 2.232000000000000000e+03 2.748000000000000000e+03 5.342066957787481307e-01 8.806404657933042390e-01 8.122270742358078666e-01
6.391601562500000000e-01 2.386000000000000000e+03 2.748000000000000000e+03 2.185000000000000000e+03 2.748000000000000000e+03 5.365720524017467685e-01 8.682678311499272272e-01 7.951237263464338012e-01
6.440429687500000000e-01 2.354000000000000000e+03 2.748000000000000000e+03 2.144000000000000000e+03 2.748000000000000000e+03 5.382096069868995691e-01 8.566229985443959416e-01 7.802037845705968033e-01
6.489257812500000000e-01 2.318000000000000000e+03 2.748000000000000000e+03 2.088000000000000000e+03 2.748000000000000000e+03 5.418486171761280890e-01 8.435225618631732036e-01 7.598253275109170257e-01
6.538085937500000000e-01 2.281000000000000000e+03 2.748000000000000000e+03 2.033000000000000000e+03 2.748000000000000000e+03 5.451237263464338012e-01 8.300582241630276581e-01 7.398107714701601667e-01
6.586914062500000000e-01 2.246000000000000000e+03 2.748000000000000000e+03 1.977000000000000000e+03 2.748000000000000000e+03 5.489446870451237803e-01 8.173216885007278387e-01 7.194323144104803891e-01
6.635742187500000000e-01 2.198000000000000000e+03 2.748000000000000000e+03 1.925000000000000000e+03 2.748000000000000000e+03 5.496724890829693955e-01 7.998544395924308548e-01 7.005094614264919528e-01
6.684570312500000000e-01 2.146000000000000000e+03 2.748000000000000000e+03 1.872000000000000000e+03 2.748000000000000000e+03 5.498544395924308548e-01 7.809315866084425295e-01 6.812227074235808200e-01
6.733398437500000000e-01 2.113000000000000000e+03 2.748000000000000000e+03 1.810000000000000000e+03 2.748000000000000000e+03 5.551310043668121752e-01 7.689228529839883253e-01 6.586608442503638638e-01
6.782226562500000000e-01 2.072000000000000000e+03 2.748000000000000000e+03 1.742000000000000000e+03 2.748000000000000000e+03 5.600436681222706881e-01 7.540029112081513274e-01 6.339155749636099513e-01
6.831054687500000000e-01 2.025000000000000000e+03 2.748000000000000000e+03 1.682000000000000000e+03 2.748000000000000000e+03 5.624090247452693259e-01 7.368995633187772620e-01 6.120815138282387213e-01
6.879882812500000000e-01 1.967000000000000000e+03 2.748000000000000000e+03 1.618000000000000000e+03 2.748000000000000000e+03 5.635007278020378596e-01 7.157933042212518693e-01 5.887918486171761501e-01
6.928710937500000000e-01 1.910000000000000000e+03 2.748000000000000000e+03 1.568000000000000000e+03 2.748000000000000000e+03 5.622270742358078666e-01 6.950509461426491731e-01 5.705967976710334399e-01
6.977539062500000000e-01 1.858000000000000000e+03 2.748000000000000000e+03 1.496000000000000000e+03 2.748000000000000000e+03 5.658660844250363864e-01 6.761280931586608478e-01 5.443959243085880750e-01
7.026367187500000000e-01 1.797000000000000000e+03 2.748000000000000000e+03 1.435000000000000000e+03 2.748000000000000000e+03 5.658660844250363864e-01 6.539301310043668103e-01 5.221979621542940375e-01
7.075195312500000000e-01 1.741000000000000000e+03 2.748000000000000000e+03 1.373000000000000000e+03 2.748000000000000000e+03 5.669577874818049201e-01 6.335516739446870327e-01 4.996360989810771369e-01
7.124023437500000000e-01 1.675000000000000000e+03 2.748000000000000000e+03 1.304000000000000000e+03 2.748000000000000000e+03 5.675036390101891870e-01 6.095342066957787353e-01 4.745269286754003057e-01
7.172851562500000000e-01 1.614000000000000000e+03 2.748000000000000000e+03 1.245000000000000000e+03 2.748000000000000000e+03 5.671397379912663794e-01 5.873362445414846977e-01 4.530567685589519389e-01
7.221679687500000000e-01 1.559000000000000000e+03 2.748000000000000000e+03 1.171000000000000000e+03 2.748000000000000000e+03 5.705967976710334399e-01 5.673216885007278387e-01 4.261280931586608478e-01
7.270507812500000000e-01 1.505000000000000000e+03 2.748000000000000000e+03 1.119000000000000000e+03 2.748000000000000000e+03 5.702328966521106324e-01 5.476710334788937873e-01 4.072052401746724670e-01
7.319335937500000000e-01 1.440000000000000000e+03 2.748000000000000000e+03 1.053000000000000000e+03 2.748000000000000000e+03 5.704148471615720917e-01 5.240174672489082974e-01 3.831877729257641696e-01
7.368164062500000000e-01 1.385000000000000000e+03 2.748000000000000000e+03 9.950000000000000000e+02 2.748000000000000000e+03 5.709606986899563585e-01 5.040029112081513274e-01 3.620815138282387213e-01
7.416992187500000000e-01 1.338000000000000000e+03 2.748000000000000000e+03 9.320000000000000000e+02 2.748000000000000000e+03 5.738719068413391522e-01 4.868995633187773175e-01 3.391557496360989576e-01
7.465820312500000000e-01 1.280000000000000000e+03 2.748000000000000000e+03 8.640000000000000000e+02 2.748000000000000000e+03 5.756914119359534121e-01 4.657933042212518138e-01 3.144104803493449896e-01
7.514648437500000000e-01 1.222000000000000000e+03 2.748000000000000000e+03 8.160000000000000000e+02 2.748000000000000000e+03 5.738719068413391522e-01 4.446870451237263655e-01 2.969432314410480611e-01
7.563476562500000000e-01 1.171000000000000000e+03 2.748000000000000000e+03 7.720000000000000000e+02 2.748000000000000000e+03 5.725982532751091592e-01 4.261280931586608478e-01 2.809315866084425295e-01
7.612304687500000000e-01 1.109000000000000000e+03 2.748000000000000000e+03 7.120000000000000000e+02 2.748000000000000000e+03 5.722343522561863516e-01 4.035662299854439472e-01 2.590975254730712996e-01
7.661132812500000000e-01 1.048000000000000000e+03 2.748000000000000000e+03 6.610000000000000000e+02 2.748000000000000000e+03 5.704148471615720917e-01 3.813682678311499097e-01 2.405385735080058096e-01
7.709960937500000000e-01 9.990000000000000000e+02 2.748000000000000000e+03 6.100000000000000000e+02 2.748000000000000000e+03 5.707787481804948992e-01 3.635371179039301182e-01 2.219796215429403197e-01
7.758789062500000000e-01 9.520000000000000000e+02 2.748000000000000000e+03 5.570000000000000000e+02 2.748000000000000000e+03 5.718704512372634330e-01 3.464337700145560528e-01 2.026928675400291036e-01
7.807617187500000000e-01 8.970000000000000000e+02 2.748000000000000000e+03 5.240000000000000000e+02 2.748000000000000000e+03 5.678675400291121056e-01 3.264192139737991383e-01 1.906841339155749548e-01
7.856445312500000000e-01 8.520000000000000000e+02 2.748000000000000000e+03 4.820000000000000000e+02 2.748000000000000000e+03 5.673216885007278387e-01 3.100436681222707436e-01 1.754002911208151494e-01
7.905273437500000000e-01 7.980000000000000000e+02 2.748000000000000000e+03 4.490000000000000000e+02 2.748000000000000000e+03 5.635007278020378596e-01 2.903930131004366921e-01 1.633915574963610007e-01
7.954101562500000000e-01 7.550000000000000000e+02 2.748000000000000000e+03 4.150000000000000000e+02 2.748000000000000000e+03 5.618631732168850590e-01 2.747452692867540236e-01 1.510189228529839889e-01
8.002929687500000000e-01 7.100000000000000000e+02 2.748000000000000000e+03 3.850000000000000000e+02 2.748000000000000000e+03 5.591339155749636136e-01 2.583697234352256289e-01 1.401018922852984017e-01
8.051757812500000000e-01 6.720000000000000000e+02 2.748000000000000000e+03 3.450000000000000000e+02 2.748000000000000000e+03 5.594978165938864212e-01 2.445414847161571925e-01 1.255458515283842669e-01
8.100585937500000000e-01 6.390000000000000000e+02 2.748000000000000000e+03 3.090000000000000000e+02 2.748000000000000000e+03 5.600436681222706881e-01 2.325327510917030438e-01 1.124454148471615705e-01
8.149414062500000000e-01 6.080000000000000000e+02 2.748000000000000000e+03 2.800000000000000000e+02 2.748000000000000000e+03 5.596797671033478805e-01 2.212518195050946213e-01 1.018922852983988325e-01
8.198242187500000000e-01 5.710000000000000000e+02 2.748000000000000000e+03 2.460000000000000000e+02 2.748000000000000000e+03 5.591339155749636136e-01 2.077874818049490480e-01 8.951965065502183461e-02
8.247070312500000000e-01 5.370000000000000000e+02 2.748000000000000000e+03 2.230000000000000000e+02 2.748000000000000000e+03 5.571324599708878944e-01 1.954148471615720639e-01 8.114992721979621959e-02
8.295898437500000000e-01 4.970000000000000000e+02 2.748000000000000000e+03 1.940000000000000000e+02 2.748000000000000000e+03 5.551310043668121752e-01 1.808588064046579291e-01 7.059679767103348158e-02
8.344726562500000000e-01 4.600000000000000000e+02 2.748000000000000000e+03 1.740000000000000000e+02 2.748000000000000000e+03 5.520378457059679222e-01 1.673944687045123836e-01 6.331877729257641418e-02
8.393554687500000000e-01 4.320000000000000000e+02 2.748000000000000000e+03 1.480000000000000000e+02 2.748000000000000000e+03 5.516739446870451147e-01 1.572052401746724948e-01 5.385735080058224461e-02
8.442382812500000000e-01 4.060000000000000000e+02 2.748000000000000000e+03 1.290000000000000000e+02 2.748000000000000000e+03 5.504002911208151216e-01 1.477438136826783044e-01 4.694323144104803336e-02
8.491210937500000000e-01 3.820000000000000000e+02 2.748000000000000000e+03 1.140000000000000000e+02 2.748000000000000000e+03 5.487627365356623210e-01 1.390101892285298402e-01 4.148471615720523975e-02
8.540039062500000000e-01 3.610000000000000000e+02 2.748000000000000000e+03 1.020000000000000000e+02 2.748000000000000000e+03 5.471251819505094094e-01 1.313682678311499374e-01 3.711790393013100764e-02
8.588867187500000000e-01 3.340000000000000000e+02 2.748000000000000000e+03 8.700000000000000000e+01 2.748000000000000000e+03 5.449417758369723419e-01 1.215429403202328978e-01 3.165938864628820709e-02
8.637695312500000000e-01 3.140000000000000000e+02 2.748000000000000000e+03 5.900000000000000000e+01 2.748000000000000000e+03 5.463973799126637942e-01 1.142649199417758304e-01 2.147016011644832523e-02
8.686523437500000000e-01 2.870000000000000000e+02 2.748000000000000000e+03 4.700000000000000000e+01 2.748000000000000000e+03 5.436681222707423489e-01 1.044395924308588047e-01 1.710334788937408965e-02
8.735351562500000000e-01 2.690000000000000000e+02 2.748000000000000000e+03 4.200000000000000000e+01 2.748000000000000000e+03 5.413027656477438221e-01 9.788937409024744962e-02 1.528384279475982453e-02
8.784179687500000000e-01 2.440000000000000000e+02 2.748000000000000000e+03 2.600000000000000000e+01 2.748000000000000000e+03 5.396652110625910215e-01 8.879184861717612232e-02 9.461426491994178248e-03
8.833007812500000000e-01 2.300000000000000000e+02 2.748000000000000000e+03 2.000000000000000000e+01 2.748000000000000000e+03 5.382096069868995691e-01 8.369723435225619179e-02 7.278020378457059590e-03
8.881835937500000000e-01 2.070000000000000000e+02 2.748000000000000000e+03 1.800000000000000000e+01 2.748000000000000000e+03 5.343886462882095900e-01 7.532751091703056290e-02 6.550218340611353371e-03
8.930664062500000000e-01 1.850000000000000000e+02 2.748000000000000000e+03 9.000000000000000000e+00 2.748000000000000000e+03 5.320232896652110632e-01 6.732168850072779709e-02 3.275109170305676685e-03
