3.999023437500000000e-01 2.746000000000000000e+03 2.748000000000000000e+03 2.745000000000000000e+03 2.748000000000000000e+03 5.001819505094614593e-01 9.992721979621542738e-01 9.989082969432314663e-01
4.050292968750000000e-01 2.746000000000000000e+03 2.748000000000000000e+03 2.745000000000000000e+03 2.748000000000000000e+03 5.001819505094614593e-01 9.992721979621542738e-01 9.989082969432314663e-01
4.101562500000000000e-01 2.745000000000000000e+03 2.748000000000000000e+03 2.745000000000000000e+03 2.748000000000000000e+03 5.000000000000000000e-01 9.989082969432314663e-01 9.989082969432314663e-01
4.152832031250000000e-01 2.745000000000000000e+03 2.748000000000000000e+03 2.744000000000000000e+03 2.748000000000000000e+03 5.001819505094614593e-01 9.989082969432314663e-01 9.985443959243085477e-01
4.204101562500000000e-01 2.743000000000000000e+03 2.748000000000000000e+03 2.740000000000000000e+03 2.748000000000000000e+03 5.005458515283842669e-01 9.981804949053857401e-01 9.970887918486172063e-01
4.255371093750000000e-01 2.743000000000000000e+03 2.748000000000000000e+03 2.740000000000000000e+03 2.748000000000000000e+03 5.005458515283842669e-01 9.981804949053857401e-01 9.970887918486172063e-01
4.306640625000000000e-01 2.743000000000000000e+03 2.748000000000000000e+03 2.739000000000000000e+03 2.748000000000000000e+03 5.007278020378457262e-01 9.981804949053857401e-01 9.967248908296942878e-01
4.357910156250000000e-01 2.742000000000000000e+03 2.748000000000000000e+03 2.738000000000000000e+03 2.748000000000000000e+03 5.007278020378457262e-01 9.978165938864629325e-01 9.963609898107714802e-01
4.409179687500000000e-01 2.741000000000000000e+03 2.748000000000000000e+03 2.738000000000000000e+03 2.748000000000000000e+03 5.005458515283842669e-01 9.974526928675400139e-01 9.963609898107714802e-01
4.460449218750000000e-01 2.740000000000000000e+03 2.748000000000000000e+03 2.736000000000000000e+03 2.748000000000000000e+03 5.007278020378457262e-01 9.970887918486172063e-01 9.956331877729257540e-01
4.511718750000000000e-01 2.736000000000000000e+03 2.748000000000000000e+03 2.736000000000000000e+03 2.748000000000000000e+03 5.000000000000000000e-01 9.956331877729257540e-01 9.956331877729257540e-01
4.562988281250000000e-01 2.732000000000000000e+03 2.748000000000000000e+03 2.732000000000000000e+03 2.748000000000000000e+03 5.000000000000000000e-01 9.941775836972343017e-01 9.941775836972343017e-01
4.614257812500000000e-01 2.726000000000000000e+03 2.748000000000000000e+03 2.727000000000000000e+03 2.748000000000000000e+03 4.998180494905385962e-01 9.919941775836972342e-01 9.923580786026200418e-01
4.665527343750000000e-01 2.720000000000000000e+03 2.748000000000000000e+03 2.724000000000000000e+03 2.748000000000000000e+03 4.992721979621542738e-01 9.898107714701601667e-01 9.912663755458515080e-01
4.716796875000000000e-01 2.713000000000000000e+03 2.748000000000000000e+03 2.718000000000000000e+03 2.748000000000000000e+03 4.990902474526928700e-01 9.872634643377001806e-01 9.890829694323144405e-01
4.768066406250000000e-01 2.708000000000000000e+03 2.748000000000000000e+03 2.714000000000000000e+03 2.748000000000000000e+03 4.989082969432314663e-01 9.854439592430859207e-01 9.876273653566229882e-01
4.819335937500000000e-01 2.704000000000000000e+03 2.748000000000000000e+03 2.710000000000000000e+03 2.748000000000000000e+03 4.989082969432314663e-01 9.839883551673944684e-01 9.861717612809315359e-01
4.870605468750000000e-01 2.697000000000000000e+03 2.748000000000000000e+03 2.702000000000000000e+03 2.748000000000000000e+03 4.990902474526928700e-01 9.814410480349344823e-01 9.832605531295487422e-01
4.921875000000000000e-01 2.693000000000000000e+03 2.748000000000000000e+03 2.688000000000000000e+03 2.748000000000000000e+03 5.009097525473071855e-01 9.799854439592431410e-01 9.781659388646287701e-01
4.973144531250000000e-01 2.689000000000000000e+03 2.748000000000000000e+03 2.682000000000000000e+03 2.748000000000000000e+03 5.012736535662299930e-01 9.785298398835516887e-01 9.759825327510917026e-01
5.024414062500000000e-01 2.678000000000000000e+03 2.748000000000000000e+03 2.667000000000000000e+03 2.748000000000000000e+03 5.020014556040757192e-01 9.745269286754002502e-01 9.705240174672489228e-01
5.078125000000000000e-01 2.672000000000000000e+03 2.748000000000000000e+03 2.659000000000000000e+03 2.748000000000000000e+03 5.023653566229985268e-01 9.723435225618631828e-01 9.676128093158661292e-01
5.126953125000000000e-01 2.664000000000000000e+03 2.748000000000000000e+03 2.644000000000000000e+03 2.748000000000000000e+03 5.036390101892285198e-01 9.694323144104803891e-01 9.621542940320232384e-01
5.175781250000000000e-01 2.657000000000000000e+03 2.748000000000000000e+03 2.634000000000000000e+03 2.748000000000000000e+03 5.041848617176127867e-01 9.668850072780204030e-01 9.585152838427947186e-01
5.229492187500000000e-01 2.644000000000000000e+03 2.748000000000000000e+03 2.615000000000000000e+03 2.748000000000000000e+03 5.052765647743813204e-01 9.621542940320232384e-01 9.516011644832605976e-01
5.283203125000000000e-01 2.628000000000000000e+03 2.748000000000000000e+03 2.586000000000000000e+03 2.748000000000000000e+03 5.076419213973799582e-01 9.563318777292576511e-01 9.410480349344978457e-01
5.332031250000000000e-01 2.616000000000000000e+03 2.748000000000000000e+03 2.566000000000000000e+03 2.748000000000000000e+03 5.090975254730712996e-01 9.519650655021834051e-01 9.337700145560408060e-01
5.380859375000000000e-01 2.605000000000000000e+03 2.748000000000000000e+03 2.548000000000000000e+03 2.748000000000000000e+03 5.103711790393012926e-01 9.479621542940320778e-01 9.272197962154293815e-01
5.434570312500000000e-01 2.588000000000000000e+03 2.748000000000000000e+03 2.524000000000000000e+03 2.748000000000000000e+03 5.116448326055312856e-01 9.417758369723435719e-01 9.184861717612808896e-01
5.488281250000000000e-01 2.566000000000000000e+03 2.748000000000000000e+03 2.498000000000000000e+03 2.748000000000000000e+03 5.123726346433770118e-01 9.337700145560408060e-01 9.090247452692867824e-01
5.537109375000000000e-01 2.551000000000000000e+03 2.748000000000000000e+03 2.468000000000000000e+03 2.748000000000000000e+03 5.151018922852983462e-01 9.283114992721979153e-01 8.981077147016011120e-01
5.585937500000000000e-01 2.529000000000000000e+03 2.748000000000000000e+03 2.436000000000000000e+03 2.748000000000000000e+03 5.169213973799127171e-01 9.203056768558951495e-01 8.864628820960698263e-01
5.639648437500000000e-01 2.507000000000000000e+03 2.748000000000000000e+03 2.409000000000000000e+03 2.748000000000000000e+03 5.178311499272197915e-01 9.122998544395923837e-01 8.766375545851528006e-01
5.693359375000000000e-01 2.486000000000000000e+03 2.748000000000000000e+03 2.376000000000000000e+03 2.748000000000000000e+03 5.200145560407568590e-01 9.046579330422125365e-01 8.646288209606987074e-01
5.742187500000000000e-01 2.465000000000000000e+03 2.748000000000000000e+03 2.345000000000000000e+03 2.748000000000000000e+03 5.218340611353712299e-01 8.970160116448325782e-01 8.533478893740902294e-01
5.791015625000000000e-01 2.444000000000000000e+03 2.748000000000000000e+03 2.323000000000000000e+03 2.748000000000000000e+03 5.220160116448325782e-01 8.893740902474527310e-01 8.453420669577874635e-01
5.844726562500000000e-01 2.413000000000000000e+03 2.748000000000000000e+03 2.291000000000000000e+03 2.748000000000000000e+03 5.221979621542940375e-01 8.780931586608442529e-01 8.336972343522561779e-01
5.898437500000000000e-01 2.387000000000000000e+03 2.748000000000000000e+03 2.252000000000000000e+03 2.748000000000000000e+03 5.245633187772925643e-01 8.686317321688500348e-01 8.195050946142649062e-01
5.947265625000000000e-01 2.348000000000000000e+03 2.748000000000000000e+03 2.224000000000000000e+03 2.748000000000000000e+03 5.225618631732168451e-01 8.544395924308587631e-01 8.093158660844250729e-01
5.996093750000000000e-01 2.310000000000000000e+03 2.748000000000000000e+03 2.191000000000000000e+03 2.748000000000000000e+03 5.216521106259097706e-01 8.406113537117904100e-01 7.973071324599708687e-01
6.049804687500000000e-01 2.268000000000000000e+03 2.748000000000000000e+03 2.133000000000000000e+03 2.748000000000000000e+03 5.245633187772925643e-01 8.253275109170306045e-01 7.762008733624453649e-01
6.103515625000000000e-01 2.230000000000000000e+03 2.748000000000000000e+03 2.092000000000000000e+03 2.748000000000000000e+03 5.251091703056768312e-01 8.114992721979621404e-01 7.612809315866084781e-01
6.152343750000000000e-01 2.186000000000000000e+03 2.748000000000000000e+03 2.036000000000000000e+03 2.748000000000000000e+03 5.272925764192140097e-01 7.954876273653566088e-01 7.409024745269287004e-01
6.201171875000000000e-01 2.140000000000000000e+03 2.748000000000000000e+03 1.991000000000000000e+03 2.748000000000000000e+03 5.271106259097525504e-01 7.787481804949053510e-01 7.245269286754002502e-01
6.254882812500000000e-01 2.085000000000000000e+03 2.748000000000000000e+03 1.926000000000000000e+03 2.748000000000000000e+03 5.289301310043668103e-01 7.587336244541484920e-01 7.008733624454148714e-01
6.308593750000000000e-01 2.043000000000000000e+03 2.748000000000000000e+03 1.868000000000000000e+03 2.748000000000000000e+03 5.318413391557496039e-01 7.434497816593886865e-01 6.797671033478893676e-01
6.357421875000000000e-01 2.007000000000000000e+03 2.748000000000000000e+03 1.819000000000000000e+03 2.748000000000000000e+03 5.342066957787481307e-01 7.303493449781659486e-01 6.619359534206695761e-01
6.406250000000000000e-01 1.958000000000000000e+03 2.748000000000000000e+03 1.761000000000000000e+03 2.748000000000000000e+03 5.358442503639010424e-01 7.125181950509461570e-01 6.408296943231440723e-01
6.459960937500000000e-01 1.903000000000000000e+03 2.748000000000000000e+03 1.699000000000000000e+03 2.748000000000000000e+03 5.371179039301310354e-01 6.925036390101891870e-01 6.182678311499272272e-01
6.513671875000000000e-01 1.848000000000000000e+03 2.748000000000000000e+03 1.636000000000000000e+03 2.748000000000000000e+03 5.385735080058223767e-01 6.724890829694323280e-01 5.953420669577874635e-01
6.562500000000000000e-01 1.781000000000000000e+03 2.748000000000000000e+03 1.568000000000000000e+03 2.748000000000000000e+03 5.387554585152838360e-01 6.481077147016011120e-01 5.705967976710334399e-01
6.611328125000000000e-01 1.727000000000000000e+03 2.748000000000000000e+03 1.504000000000000000e+03 2.748000000000000000e+03 5.405749636098980959e-01 6.284570596797670605e-01 5.473071324599708687e-01
6.665039062500000000e-01 1.664000000000000000e+03 2.748000000000000000e+03 1.441000000000000000e+03 2.748000000000000000e+03 5.405749636098980959e-01 6.055312954876274079e-01 5.243813682678311050e-01
6.718750000000000000e-01 1.598000000000000000e+03 2.748000000000000000e+03 1.372000000000000000e+03 2.748000000000000000e+03 5.411208151382823628e-01 5.815138282387191104e-01 4.992721979621542738e-01
6.767578125000000000e-01 1.550000000000000000e+03 2.748000000000000000e+03 1.311000000000000000e+03 2.748000000000000000e+03 5.434861717612808896e-01 5.640465793304221265e-01 4.770742358078602363e-01
6.816406250000000000e-01 1.489000000000000000e+03 2.748000000000000000e+03 1.244000000000000000e+03 2.748000000000000000e+03 5.445778748180495343e-01 5.418486171761280890e-01 4.526928675400291313e-01
6.870117187500000000e-01 1.422000000000000000e+03 2.748000000000000000e+03 1.170000000000000000e+03 2.748000000000000000e+03 5.458515283842795274e-01 5.174672489082969840e-01 4.257641921397379847e-01
6.923828125000000000e-01 1.354000000000000000e+03 2.748000000000000000e+03 1.108000000000000000e+03 2.748000000000000000e+03 5.447598253275108826e-01 4.927219796215429604e-01 4.032023289665210841e-01
6.972656250000000000e-01 1.297000000000000000e+03 2.748000000000000000e+03 1.045000000000000000e+03 2.748000000000000000e+03 5.458515283842795274e-01 4.719796215429403197e-01 3.802765647743813759e-01
7.021484375000000000e-01 1.239000000000000000e+03 2.748000000000000000e+03 9.870000000000000000e+02 2.748000000000000000e+03 5.458515283842795274e-01 4.508733624454148714e-01 3.591703056768558722e-01
7.075195312500000000e-01 1.159000000000000000e+03 2.748000000000000000e+03 9.250000000000000000e+02 2.748000000000000000e+03 5.425764192139738151e-01 4.217612809315866018e-01 3.366084425036390271e-01
7.128906250000000000e-01 1.087000000000000000e+03 2.748000000000000000e+03 8.660000000000000000e+02 2.748000000000000000e+03 5.402110625909752883e-01 3.955604075691411814e-01 3.151382823871906602e-01
7.177734375000000000e-01 1.013000000000000000e+03 2.748000000000000000e+03 7.970000000000000000e+02 2.748000000000000000e+03 5.393013100436681029e-01 3.686317321688500903e-01 2.900291120815138290e-01
7.226562500000000000e-01 9.570000000000000000e+02 2.748000000000000000e+03 7.370000000000000000e+02 2.748000000000000000e+03 5.400291120815138290e-01 3.482532751091703127e-01 2.681950509461426546e-01
7.280273437500000000e-01 8.970000000000000000e+02 2.748000000000000000e+03 6.900000000000000000e+02 2.748000000000000000e+03 5.376637554585153023e-01 3.264192139737991383e-01 2.510917030567685337e-01
7.333984375000000000e-01 8.270000000000000000e+02 2.748000000000000000e+03 6.460000000000000000e+02 2.748000000000000000e+03 5.329330422125182487e-01 3.009461426491994440e-01 2.350800582241630299e-01
7.382812500000000000e-01 7.710000000000000000e+02 2.748000000000000000e+03 5.970000000000000000e+02 2.748000000000000000e+03 5.316593886462882557e-01 2.805676855895196664e-01 2.172489082969432383e-01
7.431640625000000000e-01 7.310000000000000000e+02 2.748000000000000000e+03 5.380000000000000000e+02 2.748000000000000000e+03 5.351164483260553162e-01 2.660116448326055316e-01 1.957787481804948992e-01
7.485351562500000000e-01 6.750000000000000000e+02 2.748000000000000000e+03 4.990000000000000000e+02 2.748000000000000000e+03 5.320232896652110632e-01 2.456331877729257540e-01 1.815866084425036275e-01
7.539062500000000000e-01 6.160000000000000000e+02 2.748000000000000000e+03 4.530000000000000000e+02 2.748000000000000000e+03 5.296579330422125365e-01 2.241630276564774427e-01 1.648471615720523975e-01
7.587890625000000000e-01 5.720000000000000000e+02 2.748000000000000000e+03 4.080000000000000000e+02 2.748000000000000000e+03 5.298398835516739958e-01 2.081513828238719110e-01 1.484716157205240306e-01
7.636718750000000000e-01 5.380000000000000000e+02 2.748000000000000000e+03 3.710000000000000000e+02 2.748000000000000000e+03 5.303857350800582626e-01 1.957787481804948992e-01 1.350072780203784573e-01
7.690429687500000000e-01 4.880000000000000000e+02 2.748000000000000000e+03 3.420000000000000000e+02 2.748000000000000000e+03 5.265647743813682835e-01 1.775836972343522446e-01 1.244541484716157193e-01
7.744140625000000000e-01 4.450000000000000000e+02 2.748000000000000000e+03 3.120000000000000000e+02 2.748000000000000000e+03 5.241994177583697567e-01 1.619359534206695761e-01 1.135371179039301320e-01
7.792968750000000000e-01 4.220000000000000000e+02 2.748000000000000000e+03 2.900000000000000000e+02 2.748000000000000000e+03 5.240174672489082974e-01 1.535662299854439472e-01 1.055312954876273662e-01
7.841796875000000000e-01 3.800000000000000000e+02 2.748000000000000000e+03 2.620000000000000000e+02 2.748000000000000000e+03 5.214701601164483113e-01 1.382823871906841418e-01 9.534206695778747742e-02
7.895507812500000000e-01 3.510000000000000000e+02 2.748000000000000000e+03 2.260000000000000000e+02 2.748000000000000000e+03 5.227438136826783044e-01 1.277292576419213899e-01 8.224163027656478109e-02
7.949218750000000000e-01 3.170000000000000000e+02 2.748000000000000000e+03 2.030000000000000000e+02 2.748000000000000000e+03 5.207423580786025852e-01 1.153566229985443919e-01 7.387190684133915219e-02
7.998046875000000000e-01 2.850000000000000000e+02 2.748000000000000000e+03 1.790000000000000000e+02 2.748000000000000000e+03 5.192867540029112439e-01 1.037117903930131063e-01 6.513828238719068797e-02
8.046875000000000000e-01 2.570000000000000000e+02 2.748000000000000000e+03 1.540000000000000000e+02 2.748000000000000000e+03 5.187409024745269770e-01 9.352256186317321751e-02 5.604075691411936067e-02
8.100585937500000000e-01 2.260000000000000000e+02 2.748000000000000000e+03 1.330000000000000000e+02 2.748000000000000000e+03 5.169213973799127171e-01 8.224163027656478109e-02 4.839883551673944406e-02
8.154296875000000000e-01 2.050000000000000000e+02 2.748000000000000000e+03 1.220000000000000000e+02 2.748000000000000000e+03 5.151018922852983462e-01 7.459970887918486449e-02 4.439592430858806116e-02
8.203125000000000000e-01 1.860000000000000000e+02 2.748000000000000000e+03 1.040000000000000000e+02 2.748000000000000000e+03 5.149199417758369979e-01 6.768558951965066017e-02 3.784570596797671299e-02
8.251953125000000000e-01 1.620000000000000000e+02 2.748000000000000000e+03 8.200000000000000000e+01 2.748000000000000000e+03 5.145560407569140793e-01 5.895196506550218207e-02 2.983988355167394371e-02
8.305664062500000000e-01 1.410000000000000000e+02 2.748000000000000000e+03 7.100000000000000000e+01 2.748000000000000000e+03 5.127365356622998194e-01 5.131004366812227241e-02 2.583697234352256081e-02
8.359375000000000000e-01 1.310000000000000000e+02 2.748000000000000000e+03 5.600000000000000000e+01 2.748000000000000000e+03 5.136462882096070048e-01 4.767103347889373871e-02 2.037845705967976720e-02
8.408203125000000000e-01 1.130000000000000000e+02 2.748000000000000000e+03 3.800000000000000000e+01 2.748000000000000000e+03 5.136462882096070048e-01 4.112081513828239054e-02 1.382823871906841383e-02
8.457031250000000000e-01 9.800000000000000000e+01 2.748000000000000000e+03 3.100000000000000000e+01 2.748000000000000000e+03 5.121906841339155525e-01 3.566229985443959000e-02 1.128093158660844336e-02
8.510742187500000000e-01 7.900000000000000000e+01 2.748000000000000000e+03 2.500000000000000000e+01 2.748000000000000000e+03 5.098253275109170257e-01 2.874818049490538568e-02 9.097525473071323837e-03
8.564453125000000000e-01 6.500000000000000000e+01 2.748000000000000000e+03 2.000000000000000000e+01 2.748000000000000000e+03 5.081877729257642251e-01 2.365356622998544475e-02 7.278020378457059590e-03
8.613281250000000000e-01 5.300000000000000000e+01 2.748000000000000000e+03 1.700000000000000000e+01 2.748000000000000000e+03 5.065502183406113135e-01 1.928675400291120917e-02 6.186317321688500695e-03
8.662109375000000000e-01 4.400000000000000000e+01 2.748000000000000000e+03 1.500000000000000000e+01 2.748000000000000000e+03 5.052765647743813204e-01 1.601164483260553162e-02 5.458515283842794476e-03
8.715820312500000000e-01 3.300000000000000000e+01 2.748000000000000000e+03 1.400000000000000000e+01 2.748000000000000000e+03 5.034570596797670605e-01 1.200873362445414871e-02 5.094614264919941800e-03
8.769531250000000000e-01 2.800000000000000000e+01 2.748000000000000000e+03 1.300000000000000000e+01 2.748000000000000000e+03 5.027292576419214454e-01 1.018922852983988360e-02 4.730713245997089124e-03
8.818359375000000000e-01 2.100000000000000000e+01 2.748000000000000000e+03 1.000000000000000000e+01 2.748000000000000000e+03 5.020014556040757192e-01 7.641921397379912266e-03 3.639010189228529795e-03
8.867187500000000000e-01 1.600000000000000000e+01 2.748000000000000000e+03 5.000000000000000000e+00 2.748000000000000000e+03 5.020014556040757192e-01 5.822416302765648019e-03 1.819505094614264898e-03
8.920898437500000000e-01 1.400000000000000000e+01 2.748000000000000000e+03 2.000000000000000000e+00 2.748000000000000000e+03 5.021834061135370675e-01 5.094614264919941800e-03 7.278020378457060024e-04
8.974609375000000000e-01 1.000000000000000000e+01 2.748000000000000000e+03 1.000000000000000000e+00 2.748000000000000000e+03 5.016375545851528006e-01 3.639010189228529795e-03 3.639010189228530012e-04
9.023437500000000000e-01 8.000000000000000000e+00 2.748000000000000000e+03 0.000000000000000000e+00 2.748000000000000000e+03 5.014556040756914523e-01 2.911208151382824010e-03 0.000000000000000000e+00
9.072265625000000000e-01 6.000000000000000000e+00 2.748000000000000000e+03 0.000000000000000000e+00 2.748000000000000000e+03 5.010917030567685337e-01 2.183406113537117790e-03 0.000000000000000000e+00
