6.000976562500000000e-01 2.643000000000000000e+03 2.748000000000000000e+03 2.566000000000000000e+03 2.748000000000000000e+03 5.140101892285298124e-01 9.617903930131004309e-01 9.337700145560408060e-01
6.049804687500000000e-01 2.631000000000000000e+03 2.748000000000000000e+03 2.543000000000000000e+03 2.748000000000000000e+03 5.160116448326055316e-01 9.574235807860261849e-01 9.254002911208151216e-01
6.098632812500000000e-01 2.616000000000000000e+03 2.748000000000000000e+03 2.518000000000000000e+03 2.748000000000000000e+03 5.178311499272197915e-01 9.519650655021834051e-01 9.163027656477438221e-01
6.147460937500000000e-01 2.600000000000000000e+03 2.748000000000000000e+03 2.493000000000000000e+03 2.748000000000000000e+03 5.194687045123725921e-01 9.461426491994177068e-01 9.072052401746725225e-01
6.196289062500000000e-01 2.586000000000000000e+03 2.748000000000000000e+03 2.465000000000000000e+03 2.748000000000000000e+03 5.220160116448325782e-01 9.410480349344978457e-01 8.970160116448325782e-01
6.245117187500000000e-01 2.568000000000000000e+03 2.748000000000000000e+03 2.436000000000000000e+03 2.748000000000000000e+03 5.240174672489082974e-01 9.344978165938864212e-01 8.864628820960698263e-01
6.293945312500000000e-01 2.540000000000000000e+03 2.748000000000000000e+03 2.410000000000000000e+03 2.748000000000000000e+03 5.236535662299854899e-01 9.243085880640465879e-01 8.770014556040757192e-01
6.342773437500000000e-01 2.518000000000000000e+03 2.748000000000000000e+03 2.374000000000000000e+03 2.748000000000000000e+03 5.262008733624453649e-01 9.163027656477438221e-01 8.639010189228529812e-01
6.391601562500000000e-01 2.485000000000000000e+03 2.748000000000000000e+03 2.333000000000000000e+03 2.748000000000000000e+03 5.276564774381368172e-01 9.042940320232896179e-01 8.489810771470159834e-01
6.440429687500000000e-01 2.450000000000000000e+03 2.748000000000000000e+03 2.277000000000000000e+03 2.748000000000000000e+03 5.314774381368267964e-01 8.915574963609897985e-01 8.286026200873362058e-01
6.489257812500000000e-01 2.411000000000000000e+03 2.748000000000000000e+03 2.219000000000000000e+03 2.748000000000000000e+03 5.349344978165938569e-01 8.773653566229985268e-01 8.074963609898108130e-01
6.538085937500000000e-01 2.375000000000000000e+03 2.748000000000000000e+03 2.172000000000000000e+03 2.748000000000000000e+03 5.369359534206695761e-01 8.642649199417757888e-01 7.903930131004366366e-01
6.586914062500000000e-01 2.344000000000000000e+03 2.748000000000000000e+03 2.130000000000000000e+03 2.748000000000000000e+03 5.389374090247452953e-01 8.529839883551674218e-01 7.751091703056768312e-01
6.635742187500000000e-01 2.311000000000000000e+03 2.748000000000000000e+03 2.080000000000000000e+03 2.748000000000000000e+03 5.420305676855895483e-01 8.409752547307132176e-01 7.569141193595342321e-01
6.684570312500000000e-01 2.259000000000000000e+03 2.748000000000000000e+03 2.029000000000000000e+03 2.748000000000000000e+03 5.418486171761280890e-01 8.220524017467248923e-01 7.383551673944687144e-01
6.733398437500000000e-01 2.213000000000000000e+03 2.748000000000000000e+03 1.970000000000000000e+03 2.748000000000000000e+03 5.442139737991266157e-01 8.053129548762736345e-01 7.168850072780204030e-01
6.782226562500000000e-01 2.177000000000000000e+03 2.748000000000000000e+03 1.909000000000000000e+03 2.748000000000000000e+03 5.487627365356623210e-01 7.922125181950508965e-01 6.946870451237263655e-01
6.831054687500000000e-01 2.132000000000000000e+03 2.748000000000000000e+03 1.824000000000000000e+03 2.748000000000000000e+03 5.560407569141193607e-01 7.758369723435225573e-01 6.637554585152838360e-01
6.879882812500000000e-01 2.085000000000000000e+03 2.748000000000000000e+03 1.748000000000000000e+03 2.748000000000000000e+03 5.613173216885006811e-01 7.587336244541484920e-01 6.360989810771470188e-01
6.928710937500000000e-01 2.029000000000000000e+03 2.748000000000000000e+03 1.674000000000000000e+03 2.748000000000000000e+03 5.645924308588063933e-01 7.383551673944687144e-01 6.091703056768559277e-01
6.977539062500000000e-01 1.967000000000000000e+03 2.748000000000000000e+03 1.576000000000000000e+03 2.748000000000000000e+03 5.711426491994177068e-01 7.157933042212518693e-01 5.735080058224163446e-01
7.026367187500000000e-01 1.906000000000000000e+03 2.748000000000000000e+03 1.507000000000000000e+03 2.748000000000000000e+03 5.725982532751091592e-01 6.935953420669578318e-01 5.483988355167394024e-01
7.075195312500000000e-01 1.858000000000000000e+03 2.748000000000000000e+03 1.431000000000000000e+03 2.748000000000000000e+03 5.776928675400291313e-01 6.761280931586608478e-01 5.207423580786025852e-01
7.124023437500000000e-01 1.785000000000000000e+03 2.748000000000000000e+03 1.356000000000000000e+03 2.748000000000000000e+03 5.780567685589519389e-01 6.495633187772925643e-01 4.934497816593886310e-01
7.172851562500000000e-01 1.732000000000000000e+03 2.748000000000000000e+03 1.280000000000000000e+03 2.748000000000000000e+03 5.822416302765647256e-01 6.302765647743813204e-01 4.657933042212518138e-01
7.221679687500000000e-01 1.680000000000000000e+03 2.748000000000000000e+03 1.194000000000000000e+03 2.748000000000000000e+03 5.884279475982532315e-01 6.113537117903929952e-01 4.344978165938864767e-01
7.270507812500000000e-01 1.608000000000000000e+03 2.748000000000000000e+03 1.123000000000000000e+03 2.748000000000000000e+03 5.882459970887918832e-01 5.851528384279476303e-01 4.086608442503639194e-01
7.319335937500000000e-01 1.541000000000000000e+03 2.748000000000000000e+03 1.028000000000000000e+03 2.748000000000000000e+03 5.933406113537117443e-01 5.607714701601164142e-01 3.740902474526928700e-01
7.368164062500000000e-01 1.463000000000000000e+03 2.748000000000000000e+03 9.470000000000000000e+02 2.748000000000000000e+03 5.938864628820961222e-01 5.323871906841338708e-01 3.446142649199417929e-01
7.416992187500000000e-01 1.389000000000000000e+03 2.748000000000000000e+03 8.890000000000000000e+02 2.748000000000000000e+03 5.909752547307132176e-01 5.054585152838427797e-01 3.235080058224162891e-01
7.465820312500000000e-01 1.321000000000000000e+03 2.748000000000000000e+03 8.140000000000000000e+02 2.748000000000000000e+03 5.922489082969432106e-01 4.807132459970888116e-01 2.962154294032023349e-01
7.514648437500000000e-01 1.263000000000000000e+03 2.748000000000000000e+03 7.360000000000000000e+02 2.748000000000000000e+03 5.958879184861717304e-01 4.596069868995633079e-01 2.678311499272197915e-01
7.563476562500000000e-01 1.204000000000000000e+03 2.748000000000000000e+03 6.640000000000000000e+02 2.748000000000000000e+03 5.982532751091702572e-01 4.381368267831149965e-01 2.416302765647743711e-01
7.612304687500000000e-01 1.137000000000000000e+03 2.748000000000000000e+03 6.180000000000000000e+02 2.748000000000000000e+03 5.944323144104803891e-01 4.137554585152838360e-01 2.248908296943231411e-01
7.661132812500000000e-01 1.075000000000000000e+03 2.748000000000000000e+03 5.560000000000000000e+02 2.748000000000000000e+03 5.944323144104803891e-01 3.911935953420669354e-01 2.023289665211062682e-01
7.709960937500000000e-01 1.009000000000000000e+03 2.748000000000000000e+03 4.950000000000000000e+02 2.748000000000000000e+03 5.935225618631732036e-01 3.671761280931586380e-01 1.801310043668122307e-01
7.758789062500000000e-01 9.510000000000000000e+02 2.748000000000000000e+03 4.460000000000000000e+02 2.748000000000000000e+03 5.918850072780204030e-01 3.460698689956331897e-01 1.622998544395924392e-01
7.807617187500000000e-01 8.880000000000000000e+02 2.748000000000000000e+03 4.090000000000000000e+02 2.748000000000000000e+03 5.871542940320232384e-01 3.231441048034934260e-01 1.488355167394468659e-01
7.856445312500000000e-01 8.330000000000000000e+02 2.748000000000000000e+03 3.800000000000000000e+02 2.748000000000000000e+03 5.824235807860261849e-01 3.031295487627365115e-01 1.382823871906841418e-01
7.905273437500000000e-01 7.780000000000000000e+02 2.748000000000000000e+03 3.420000000000000000e+02 2.748000000000000000e+03 5.793304221251819319e-01 2.831149927219795970e-01 1.244541484716157193e-01
7.954101562500000000e-01 7.170000000000000000e+02 2.748000000000000000e+03 3.110000000000000000e+02 2.748000000000000000e+03 5.738719068413391522e-01 2.609170305676856150e-01 1.131732168850072828e-01
8.002929687500000000e-01 6.690000000000000000e+02 2.748000000000000000e+03 2.820000000000000000e+02 2.748000000000000000e+03 5.704148471615720917e-01 2.434497816593886588e-01 1.026200873362445448e-01
8.051757812500000000e-01 6.280000000000000000e+02 2.748000000000000000e+03 2.540000000000000000e+02 2.748000000000000000e+03 5.680494905385734539e-01 2.285298398835516609e-01 9.243085880640465601e-02
8.100585937500000000e-01 5.840000000000000000e+02 2.748000000000000000e+03 2.170000000000000000e+02 2.748000000000000000e+03 5.667758369723435719e-01 2.125181950509461293e-01 7.896652110625909660e-02
8.149414062500000000e-01 5.390000000000000000e+02 2.748000000000000000e+03 1.880000000000000000e+02 2.748000000000000000e+03 5.638646288209606672e-01 1.961426491994177623e-01 6.841339155749635859e-02
8.198242187500000000e-01 4.990000000000000000e+02 2.748000000000000000e+03 1.690000000000000000e+02 2.748000000000000000e+03 5.600436681222706881e-01 1.815866084425036275e-01 6.149927219796215427e-02
8.247070312500000000e-01 4.590000000000000000e+02 2.748000000000000000e+03 1.450000000000000000e+02 2.748000000000000000e+03 5.571324599708878944e-01 1.670305676855895205e-01 5.276564774381368311e-02
8.295898437500000000e-01 4.280000000000000000e+02 2.748000000000000000e+03 1.280000000000000000e+02 2.748000000000000000e+03 5.545851528384279083e-01 1.557496360989810702e-01 4.657933042212518415e-02
8.344726562500000000e-01 3.950000000000000000e+02 2.748000000000000000e+03 1.060000000000000000e+02 2.748000000000000000e+03 5.525836972343523001e-01 1.437409024745269215e-01 3.857350800582241834e-02
8.393554687500000000e-01 3.690000000000000000e+02 2.748000000000000000e+03 8.200000000000000000e+01 2.748000000000000000e+03 5.522197962154293815e-01 1.342794759825327588e-01 2.983988355167394371e-02
8.442382812500000000e-01 3.410000000000000000e+02 2.748000000000000000e+03 6.500000000000000000e+01 2.748000000000000000e+03 5.502183406113536623e-01 1.240902474526928700e-01 2.365356622998544475e-02
8.491210937500000000e-01 3.080000000000000000e+02 2.748000000000000000e+03 5.400000000000000000e+01 2.748000000000000000e+03 5.462154294032023349e-01 1.120815138282387213e-01 1.965065502183406185e-02
8.540039062500000000e-01 2.790000000000000000e+02 2.748000000000000000e+03 4.200000000000000000e+01 2.748000000000000000e+03 5.431222707423580820e-01 1.015283842794759833e-01 1.528384279475982453e-02
8.588867187500000000e-01 2.570000000000000000e+02 2.748000000000000000e+03 3.300000000000000000e+01 2.748000000000000000e+03 5.407569141193595552e-01 9.352256186317321751e-02 1.200873362445414871e-02
8.637695312500000000e-01 2.390000000000000000e+02 2.748000000000000000e+03 2.500000000000000000e+01 2.748000000000000000e+03 5.389374090247452953e-01 8.697234352256186241e-02 9.097525473071323837e-03
8.686523437500000000e-01 2.120000000000000000e+02 2.748000000000000000e+03 1.500000000000000000e+01 2.748000000000000000e+03 5.358442503639010424e-01 7.714701601164483669e-02 5.458515283842794476e-03
8.735351562500000000e-01 1.970000000000000000e+02 2.748000000000000000e+03 1.100000000000000000e+01 2.748000000000000000e+03 5.338427947598253231e-01 7.168850072780204308e-02 4.002911208151382905e-03
8.784179687500000000e-01 1.730000000000000000e+02 2.748000000000000000e+03 6.000000000000000000e+00 2.748000000000000000e+03 5.303857350800582626e-01 6.295487627365356498e-02 2.183406113537117790e-03
8.833007812500000000e-01 1.490000000000000000e+02 2.748000000000000000e+03 5.000000000000000000e+00 2.748000000000000000e+03 5.262008733624453649e-01 5.422125181950509382e-02 1.819505094614264898e-03
8.881835937500000000e-01 1.230000000000000000e+02 2.748000000000000000e+03 1.000000000000000000e+00 2.748000000000000000e+03 5.221979621542940375e-01 4.475982532751091730e-02 3.639010189228530012e-04
8.930664062500000000e-01 1.020000000000000000e+02 2.748000000000000000e+03 1.000000000000000000e+00 2.748000000000000000e+03 5.183770014556040584e-01 3.711790393013100764e-02 3.639010189228530012e-04
