3.999023437500000000e-01 2.746000000000000000e+03 2.748000000000000000e+03 2.741000000000000000e+03 2.748000000000000000e+03 5.009097525473071855e-01 9.992721979621542738e-01 9.974526928675400139e-01
4.050292968750000000e-01 2.746000000000000000e+03 2.748000000000000000e+03 2.740000000000000000e+03 2.748000000000000000e+03 5.010917030567685337e-01 9.992721979621542738e-01 9.970887918486172063e-01
4.101562500000000000e-01 2.745000000000000000e+03 2.748000000000000000e+03 2.739000000000000000e+03 2.748000000000000000e+03 5.010917030567685337e-01 9.989082969432314663e-01 9.967248908296942878e-01
4.152832031250000000e-01 2.745000000000000000e+03 2.748000000000000000e+03 2.739000000000000000e+03 2.748000000000000000e+03 5.010917030567685337e-01 9.989082969432314663e-01 9.967248908296942878e-01
4.204101562500000000e-01 2.743000000000000000e+03 2.748000000000000000e+03 2.739000000000000000e+03 2.748000000000000000e+03 5.007278020378457262e-01 9.981804949053857401e-01 9.967248908296942878e-01
4.255371093750000000e-01 2.743000000000000000e+03 2.748000000000000000e+03 2.737000000000000000e+03 2.748000000000000000e+03 5.010917030567685337e-01 9.981804949053857401e-01 9.959970887918486726e-01
4.306640625000000000e-01 2.743000000000000000e+03 2.748000000000000000e+03 2.737000000000000000e+03 2.748000000000000000e+03 5.010917030567685337e-01 9.981804949053857401e-01 9.959970887918486726e-01
4.357910156250000000e-01 2.743000000000000000e+03 2.748000000000000000e+03 2.735000000000000000e+03 2.748000000000000000e+03 5.014556040756914523e-01 9.981804949053857401e-01 9.952692867540029464e-01
4.409179687500000000e-01 2.742000000000000000e+03 2.748000000000000000e+03 2.734000000000000000e+03 2.748000000000000000e+03 5.014556040756914523e-01 9.978165938864629325e-01 9.949053857350800278e-01
4.460449218750000000e-01 2.741000000000000000e+03 2.748000000000000000e+03 2.732000000000000000e+03 2.748000000000000000e+03 5.016375545851528006e-01 9.974526928675400139e-01 9.941775836972343017e-01
4.511718750000000000e-01 2.741000000000000000e+03 2.748000000000000000e+03 2.728000000000000000e+03 2.748000000000000000e+03 5.023653566229985268e-01 9.974526928675400139e-01 9.927219796215429604e-01
4.562988281250000000e-01 2.739000000000000000e+03 2.748000000000000000e+03 2.727000000000000000e+03 2.748000000000000000e+03 5.021834061135370675e-01 9.967248908296942878e-01 9.923580786026200418e-01
4.614257812500000000e-01 2.739000000000000000e+03 2.748000000000000000e+03 2.725000000000000000e+03 2.748000000000000000e+03 5.025473071324599861e-01 9.967248908296942878e-01 9.916302765647744266e-01
4.665527343750000000e-01 2.739000000000000000e+03 2.748000000000000000e+03 2.723000000000000000e+03 2.748000000000000000e+03 5.029112081513827937e-01 9.967248908296942878e-01 9.909024745269287004e-01
4.716796875000000000e-01 2.739000000000000000e+03 2.748000000000000000e+03 2.723000000000000000e+03 2.748000000000000000e+03 5.029112081513827937e-01 9.967248908296942878e-01 9.909024745269287004e-01
4.768066406250000000e-01 2.737000000000000000e+03 2.748000000000000000e+03 2.719000000000000000e+03 2.748000000000000000e+03 5.032751091703057122e-01 9.959970887918486726e-01 9.894468704512372481e-01
4.819335937500000000e-01 2.735000000000000000e+03 2.748000000000000000e+03 2.717000000000000000e+03 2.748000000000000000e+03 5.032751091703057122e-01 9.952692867540029464e-01 9.887190684133915219e-01
4.870605468750000000e-01 2.733000000000000000e+03 2.748000000000000000e+03 2.714000000000000000e+03 2.748000000000000000e+03 5.034570596797670605e-01 9.945414847161572203e-01 9.876273653566229882e-01
4.921875000000000000e-01 2.731000000000000000e+03 2.748000000000000000e+03 2.710000000000000000e+03 2.748000000000000000e+03 5.038209606986899791e-01 9.938136826783114941e-01 9.861717612809315359e-01
4.973144531250000000e-01 2.726000000000000000e+03 2.748000000000000000e+03 2.707000000000000000e+03 2.748000000000000000e+03 5.034570596797670605e-01 9.919941775836972342e-01 9.850800582241630021e-01
5.024414062500000000e-01 2.724000000000000000e+03 2.748000000000000000e+03 2.701000000000000000e+03 2.748000000000000000e+03 5.041848617176127867e-01 9.912663755458515080e-01 9.828966521106259346e-01
5.078125000000000000e-01 2.719000000000000000e+03 2.748000000000000000e+03 2.690000000000000000e+03 2.748000000000000000e+03 5.052765647743813204e-01 9.894468704512372481e-01 9.788937409024744962e-01
5.126953125000000000e-01 2.713000000000000000e+03 2.748000000000000000e+03 2.681000000000000000e+03 2.748000000000000000e+03 5.058224163027656983e-01 9.872634643377001806e-01 9.756186317321688950e-01
5.175781250000000000e-01 2.710000000000000000e+03 2.748000000000000000e+03 2.674000000000000000e+03 2.748000000000000000e+03 5.065502183406113135e-01 9.861717612809315359e-01 9.730713245997089089e-01
5.229492187500000000e-01 2.698000000000000000e+03 2.748000000000000000e+03 2.662000000000000000e+03 2.748000000000000000e+03 5.065502183406113135e-01 9.818049490538574009e-01 9.687045123726346629e-01
5.283203125000000000e-01 2.688000000000000000e+03 2.748000000000000000e+03 2.647000000000000000e+03 2.748000000000000000e+03 5.074599708879184989e-01 9.781659388646287701e-01 9.632459970887918832e-01
5.332031250000000000e-01 2.679000000000000000e+03 2.748000000000000000e+03 2.634000000000000000e+03 2.748000000000000000e+03 5.081877729257642251e-01 9.748908296943231688e-01 9.585152838427947186e-01
5.380859375000000000e-01 2.667000000000000000e+03 2.748000000000000000e+03 2.619000000000000000e+03 2.748000000000000000e+03 5.087336244541484920e-01 9.705240174672489228e-01 9.530567685589519389e-01
5.434570312500000000e-01 2.659000000000000000e+03 2.748000000000000000e+03 2.605000000000000000e+03 2.748000000000000000e+03 5.098253275109170257e-01 9.676128093158661292e-01 9.479621542940320778e-01
5.488281250000000000e-01 2.649000000000000000e+03 2.748000000000000000e+03 2.587000000000000000e+03 2.748000000000000000e+03 5.112809315866084781e-01 9.639737991266376094e-01 9.414119359534206533e-01
5.537109375000000000e-01 2.628000000000000000e+03 2.748000000000000000e+03 2.563000000000000000e+03 2.748000000000000000e+03 5.118267831149927449e-01 9.563318777292576511e-01 9.326783114992721613e-01
5.585937500000000000e-01 2.615000000000000000e+03 2.748000000000000000e+03 2.541000000000000000e+03 2.748000000000000000e+03 5.134643377001455455e-01 9.516011644832605976e-01 9.246724890829693955e-01
5.639648437500000000e-01 2.594000000000000000e+03 2.748000000000000000e+03 2.525000000000000000e+03 2.748000000000000000e+03 5.125545851528384711e-01 9.439592430858806393e-01 9.188500727802038082e-01
5.693359375000000000e-01 2.563000000000000000e+03 2.748000000000000000e+03 2.495000000000000000e+03 2.748000000000000000e+03 5.123726346433770118e-01 9.326783114992721613e-01 9.079330422125182487e-01
5.742187500000000000e-01 2.549000000000000000e+03 2.748000000000000000e+03 2.457000000000000000e+03 2.748000000000000000e+03 5.167394468704512578e-01 9.275836972343523001e-01 8.941048034934497846e-01
5.791015625000000000e-01 2.534000000000000000e+03 2.748000000000000000e+03 2.421000000000000000e+03 2.748000000000000000e+03 5.205604075691412369e-01 9.221251819505094094e-01 8.810043668122270466e-01
5.844726562500000000e-01 2.499000000000000000e+03 2.748000000000000000e+03 2.381000000000000000e+03 2.748000000000000000e+03 5.214701601164483113e-01 9.093886462882095900e-01 8.664483260553129673e-01
5.898437500000000000e-01 2.458000000000000000e+03 2.748000000000000000e+03 2.326000000000000000e+03 2.748000000000000000e+03 5.240174672489082974e-01 8.944687045123725921e-01 8.464337700145559973e-01
5.947265625000000000e-01 2.424000000000000000e+03 2.748000000000000000e+03 2.291000000000000000e+03 2.748000000000000000e+03 5.241994177583697567e-01 8.820960698689955803e-01 8.336972343522561779e-01
5.996093750000000000e-01 2.392000000000000000e+03 2.748000000000000000e+03 2.254000000000000000e+03 2.748000000000000000e+03 5.251091703056768312e-01 8.704512372634642947e-01 8.202328966521106324e-01
6.049804687500000000e-01 2.354000000000000000e+03 2.748000000000000000e+03 2.192000000000000000e+03 2.748000000000000000e+03 5.294759825327510772e-01 8.566229985443959416e-01 7.976710334788937873e-01
6.103515625000000000e-01 2.297000000000000000e+03 2.748000000000000000e+03 2.150000000000000000e+03 2.748000000000000000e+03 5.267467248908297428e-01 8.358806404657933564e-01 7.823871906841338708e-01
6.152343750000000000e-01 2.253000000000000000e+03 2.748000000000000000e+03 2.087000000000000000e+03 2.748000000000000000e+03 5.302037845705968033e-01 8.198689956331878248e-01 7.594614264919942181e-01
6.201171875000000000e-01 2.204000000000000000e+03 2.748000000000000000e+03 2.041000000000000000e+03 2.748000000000000000e+03 5.296579330422125365e-01 8.020378457059679222e-01 7.427219796215429604e-01
6.254882812500000000e-01 2.170000000000000000e+03 2.748000000000000000e+03 1.977000000000000000e+03 2.748000000000000000e+03 5.351164483260553162e-01 7.896652110625910215e-01 7.194323144104803891e-01
6.308593750000000000e-01 2.124000000000000000e+03 2.748000000000000000e+03 1.900000000000000000e+03 2.748000000000000000e+03 5.407569141193595552e-01 7.729257641921397637e-01 6.914119359534206533e-01
6.357421875000000000e-01 2.064000000000000000e+03 2.748000000000000000e+03 1.846000000000000000e+03 2.748000000000000000e+03 5.396652110625910215e-01 7.510917030567685337e-01 6.717612809315866018e-01
6.406250000000000000e-01 2.017000000000000000e+03 2.748000000000000000e+03 1.801000000000000000e+03 2.748000000000000000e+03 5.393013100436681029e-01 7.339883551673944684e-01 6.553857350800582626e-01
6.459960937500000000e-01 1.977000000000000000e+03 2.748000000000000000e+03 1.739000000000000000e+03 2.748000000000000000e+03 5.433042212518195413e-01 7.194323144104803891e-01 6.328238719068413065e-01
6.513671875000000000e-01 1.917000000000000000e+03 2.748000000000000000e+03 1.685000000000000000e+03 2.748000000000000000e+03 5.422125181950508965e-01 6.975982532751091592e-01 6.131732168850072551e-01
6.562500000000000000e-01 1.879000000000000000e+03 2.748000000000000000e+03 1.627000000000000000e+03 2.748000000000000000e+03 5.458515283842795274e-01 6.837700145560408060e-01 5.920669577874817513e-01
6.611328125000000000e-01 1.838000000000000000e+03 2.748000000000000000e+03 1.584000000000000000e+03 2.748000000000000000e+03 5.462154294032023349e-01 6.688500727802038082e-01 5.764192139737991383e-01
6.665039062500000000e-01 1.785000000000000000e+03 2.748000000000000000e+03 1.523000000000000000e+03 2.748000000000000000e+03 5.476710334788937873e-01 6.495633187772925643e-01 5.542212518195051008e-01
6.718750000000000000e-01 1.734000000000000000e+03 2.748000000000000000e+03 1.477000000000000000e+03 2.748000000000000000e+03 5.467612809315866018e-01 6.310043668122270466e-01 5.374818049490538430e-01
6.767578125000000000e-01 1.690000000000000000e+03 2.748000000000000000e+03 1.429000000000000000e+03 2.748000000000000000e+03 5.474890829694323280e-01 6.149927219796215150e-01 5.200145560407568590e-01
6.816406250000000000e-01 1.638000000000000000e+03 2.748000000000000000e+03 1.378000000000000000e+03 2.748000000000000000e+03 5.473071324599708687e-01 5.960698689956331897e-01 5.014556040756914523e-01
6.870117187500000000e-01 1.601000000000000000e+03 2.748000000000000000e+03 1.325000000000000000e+03 2.748000000000000000e+03 5.502183406113536623e-01 5.826055312954876442e-01 4.821688500727802085e-01
6.923828125000000000e-01 1.550000000000000000e+03 2.748000000000000000e+03 1.267000000000000000e+03 2.748000000000000000e+03 5.514919941775836554e-01 5.640465793304221265e-01 4.610625909752547047e-01
6.972656250000000000e-01 1.506000000000000000e+03 2.748000000000000000e+03 1.215000000000000000e+03 2.748000000000000000e+03 5.529475982532751077e-01 5.480349344978165949e-01 4.421397379912663794e-01
7.021484375000000000e-01 1.473000000000000000e+03 2.748000000000000000e+03 1.174000000000000000e+03 2.748000000000000000e+03 5.544032023289665601e-01 5.360262008733623906e-01 4.272197962154293815e-01
7.075195312500000000e-01 1.434000000000000000e+03 2.748000000000000000e+03 1.126000000000000000e+03 2.748000000000000000e+03 5.560407569141193607e-01 5.218340611353712299e-01 4.097525473071324531e-01
7.128906250000000000e-01 1.384000000000000000e+03 2.748000000000000000e+03 1.065000000000000000e+03 2.748000000000000000e+03 5.580422125181950799e-01 5.036390101892285198e-01 3.875545851528384156e-01
7.177734375000000000e-01 1.342000000000000000e+03 2.748000000000000000e+03 1.024000000000000000e+03 2.748000000000000000e+03 5.578602620087336206e-01 4.883551673944687144e-01 3.726346433770014732e-01
7.226562500000000000e-01 1.311000000000000000e+03 2.748000000000000000e+03 9.810000000000000000e+02 2.748000000000000000e+03 5.600436681222706881e-01 4.770742358078602363e-01 3.569868995633188047e-01
7.280273437500000000e-01 1.277000000000000000e+03 2.748000000000000000e+03 9.430000000000000000e+02 2.748000000000000000e+03 5.607714701601164142e-01 4.647016011644832800e-01 3.431586608442503405e-01
7.333984375000000000e-01 1.252000000000000000e+03 2.748000000000000000e+03 8.950000000000000000e+02 2.748000000000000000e+03 5.649563318777293119e-01 4.556040756914119250e-01 3.256914119359534121e-01
7.382812500000000000e-01 1.213000000000000000e+03 2.748000000000000000e+03 8.510000000000000000e+02 2.748000000000000000e+03 5.658660844250363864e-01 4.414119359534206533e-01 3.096797671033478805e-01
7.431640625000000000e-01 1.177000000000000000e+03 2.748000000000000000e+03 8.060000000000000000e+02 2.748000000000000000e+03 5.675036390101891870e-01 4.283114992721979708e-01 2.933042212518194858e-01
7.485351562500000000e-01 1.141000000000000000e+03 2.748000000000000000e+03 7.510000000000000000e+02 2.748000000000000000e+03 5.709606986899563585e-01 4.152110625909752328e-01 2.732896652110625713e-01
7.539062500000000000e-01 1.098000000000000000e+03 2.748000000000000000e+03 7.000000000000000000e+02 2.748000000000000000e+03 5.724163027656476999e-01 3.995633187772925643e-01 2.547307132459971091e-01
7.587890625000000000e-01 1.062000000000000000e+03 2.748000000000000000e+03 6.590000000000000000e+02 2.748000000000000000e+03 5.733260553129548853e-01 3.864628820960698818e-01 2.398107714701601112e-01
7.636718750000000000e-01 1.026000000000000000e+03 2.748000000000000000e+03 6.220000000000000000e+02 2.748000000000000000e+03 5.735080058224163446e-01 3.733624454148471439e-01 2.263464337700145657e-01
7.690429687500000000e-01 9.870000000000000000e+02 2.748000000000000000e+03 5.850000000000000000e+02 2.748000000000000000e+03 5.731441048034934260e-01 3.591703056768558722e-01 2.128820960698689924e-01
7.744140625000000000e-01 9.530000000000000000e+02 2.748000000000000000e+03 5.430000000000000000e+02 2.748000000000000000e+03 5.745997088791848784e-01 3.467976710334789159e-01 1.975982532751091592e-01
7.792968750000000000e-01 9.170000000000000000e+02 2.748000000000000000e+03 4.980000000000000000e+02 2.748000000000000000e+03 5.762372634643376790e-01 3.336972343522561779e-01 1.812227074235807922e-01
7.841796875000000000e-01 8.760000000000000000e+02 2.748000000000000000e+03 4.620000000000000000e+02 2.748000000000000000e+03 5.753275109170306045e-01 3.187772925764192355e-01 1.681222707423580820e-01
7.895507812500000000e-01 8.280000000000000000e+02 2.748000000000000000e+03 4.230000000000000000e+02 2.748000000000000000e+03 5.736899563318776929e-01 3.013100436681222516e-01 1.539301310043668103e-01
7.949218750000000000e-01 7.800000000000000000e+02 2.748000000000000000e+03 3.820000000000000000e+02 2.748000000000000000e+03 5.724163027656476999e-01 2.838427947598253231e-01 1.390101892285298402e-01
7.998046875000000000e-01 7.470000000000000000e+02 2.748000000000000000e+03 3.500000000000000000e+02 2.748000000000000000e+03 5.722343522561863516e-01 2.718340611353711744e-01 1.273653566229985545e-01
8.046875000000000000e-01 6.970000000000000000e+02 2.748000000000000000e+03 3.220000000000000000e+02 2.748000000000000000e+03 5.682314410480349132e-01 2.536390101892285198e-01 1.171761280931586657e-01
8.100585937500000000e-01 6.500000000000000000e+02 2.748000000000000000e+03 2.890000000000000000e+02 2.748000000000000000e+03 5.656841339155749271e-01 2.365356622998544267e-01 1.051673944687045170e-01
8.154296875000000000e-01 6.100000000000000000e+02 2.748000000000000000e+03 2.420000000000000000e+02 2.748000000000000000e+03 5.669577874818049201e-01 2.219796215429403197e-01 8.806404657933042390e-02
8.203125000000000000e-01 5.760000000000000000e+02 2.748000000000000000e+03 2.170000000000000000e+02 2.748000000000000000e+03 5.653202328966521195e-01 2.096069868995633079e-01 7.896652110625909660e-02
8.251953125000000000e-01 5.390000000000000000e+02 2.748000000000000000e+03 1.890000000000000000e+02 2.748000000000000000e+03 5.636826783114993189e-01 1.961426491994177623e-01 6.877729257641920779e-02
8.305664062500000000e-01 4.960000000000000000e+02 2.748000000000000000e+03 1.620000000000000000e+02 2.748000000000000000e+03 5.607714701601164142e-01 1.804949053857350938e-01 5.895196506550218207e-02
8.359375000000000000e-01 4.640000000000000000e+02 2.748000000000000000e+03 1.370000000000000000e+02 2.748000000000000000e+03 5.594978165938864212e-01 1.688500727802037804e-01 4.985443959243086171e-02
8.408203125000000000e-01 4.320000000000000000e+02 2.748000000000000000e+03 1.240000000000000000e+02 2.748000000000000000e+03 5.560407569141193607e-01 1.572052401746724948e-01 4.512372634643377345e-02
8.457031250000000000e-01 3.980000000000000000e+02 2.748000000000000000e+03 1.120000000000000000e+02 2.748000000000000000e+03 5.520378457059679222e-01 1.448326055312954830e-01 4.075691411935953440e-02
8.510742187500000000e-01 3.610000000000000000e+02 2.748000000000000000e+03 9.600000000000000000e+01 2.748000000000000000e+03 5.482168850072780542e-01 1.313682678311499374e-01 3.493449781659388464e-02
8.564453125000000000e-01 3.450000000000000000e+02 2.748000000000000000e+03 8.200000000000000000e+01 2.748000000000000000e+03 5.478529839883551356e-01 1.255458515283842669e-01 2.983988355167394371e-02
8.613281250000000000e-01 3.130000000000000000e+02 2.748000000000000000e+03 6.900000000000000000e+01 2.748000000000000000e+03 5.443959243085880750e-01 1.139010189228529812e-01 2.510917030567685546e-02
8.662109375000000000e-01 2.870000000000000000e+02 2.748000000000000000e+03 5.800000000000000000e+01 2.748000000000000000e+03 5.416666666666666297e-01 1.044395924308588047e-01 2.110625909752547255e-02
8.715820312500000000e-01 2.640000000000000000e+02 2.748000000000000000e+03 4.700000000000000000e+01 2.748000000000000000e+03 5.394832605531295622e-01 9.606986899563318971e-02 1.710334788937408965e-02
8.769531250000000000e-01 2.390000000000000000e+02 2.748000000000000000e+03 3.800000000000000000e+01 2.748000000000000000e+03 5.365720524017467685e-01 8.697234352256186241e-02 1.382823871906841383e-02
8.818359375000000000e-01 2.140000000000000000e+02 2.748000000000000000e+03 3.200000000000000000e+01 2.748000000000000000e+03 5.331149927219795970e-01 7.787481804949053510e-02 1.164483260553129604e-02
8.867187500000000000e-01 1.920000000000000000e+02 2.748000000000000000e+03 2.200000000000000000e+01 2.748000000000000000e+03 5.309315866084425295e-01 6.986899563318776929e-02 8.005822416302765809e-03
8.920898437500000000e-01 1.720000000000000000e+02 2.748000000000000000e+03 1.600000000000000000e+01 2.748000000000000000e+03 5.283842794759825434e-01 6.259097525473071577e-02 5.822416302765648019e-03
8.974609375000000000e-01 1.460000000000000000e+02 2.748000000000000000e+03 1.300000000000000000e+01 2.748000000000000000e+03 5.241994177583697567e-01 5.312954876273653232e-02 4.730713245997089124e-03
9.023437500000000000e-01 1.250000000000000000e+02 2.748000000000000000e+03 8.000000000000000000e+00 2.748000000000000000e+03 5.212882096069868521e-01 4.548762736535662266e-02 2.911208151382824010e-03
9.072265625000000000e-01 1.030000000000000000e+02 2.748000000000000000e+03 6.000000000000000000e+00 2.748000000000000000e+03 5.176491994177583322e-01 3.748180494905385685e-02 2.183406113537117790e-03
