6.000976562500000000e-01 1.866000000000000000e+03 2.748000000000000000e+03 1.743000000000000000e+03 2.748000000000000000e+03 5.223799126637554968e-01 6.790393013100436415e-01 6.342794759825327588e-01
6.049804687500000000e-01 1.829000000000000000e+03 2.748000000000000000e+03 1.718000000000000000e+03 2.748000000000000000e+03 5.201965065502183183e-01 6.655749636098980959e-01 6.251819505094614593e-01
6.098632812500000000e-01 1.794000000000000000e+03 2.748000000000000000e+03 1.687000000000000000e+03 2.748000000000000000e+03 5.194687045123725921e-01 6.528384279475982765e-01 6.139010189228529812e-01
6.147460937500000000e-01 1.764000000000000000e+03 2.748000000000000000e+03 1.661000000000000000e+03 2.748000000000000000e+03 5.187409024745269770e-01 6.419213973799127171e-01 6.044395924308587631e-01
6.196289062500000000e-01 1.743000000000000000e+03 2.748000000000000000e+03 1.624000000000000000e+03 2.748000000000000000e+03 5.216521106259097706e-01 6.342794759825327588e-01 5.909752547307132176e-01
6.245117187500000000e-01 1.720000000000000000e+03 2.748000000000000000e+03 1.593000000000000000e+03 2.748000000000000000e+03 5.231077147016011120e-01 6.259097525473071855e-01 5.796943231441048505e-01
6.293945312500000000e-01 1.691000000000000000e+03 2.748000000000000000e+03 1.559000000000000000e+03 2.748000000000000000e+03 5.240174672489082974e-01 6.153566229985444336e-01 5.673216885007278387e-01
6.342773437500000000e-01 1.662000000000000000e+03 2.748000000000000000e+03 1.530000000000000000e+03 2.748000000000000000e+03 5.240174672489082974e-01 6.048034934497816817e-01 5.567685589519650868e-01
6.391601562500000000e-01 1.638000000000000000e+03 2.748000000000000000e+03 1.497000000000000000e+03 2.748000000000000000e+03 5.256550218340610980e-01 5.960698689956331897e-01 5.447598253275108826e-01
6.440429687500000000e-01 1.609000000000000000e+03 2.748000000000000000e+03 1.474000000000000000e+03 2.748000000000000000e+03 5.245633187772925643e-01 5.855167394468704378e-01 5.363901018922853092e-01
6.489257812500000000e-01 1.591000000000000000e+03 2.748000000000000000e+03 1.446000000000000000e+03 2.748000000000000000e+03 5.263828238719068242e-01 5.789665211062591244e-01 5.262008733624453649e-01
6.538085937500000000e-01 1.562000000000000000e+03 2.748000000000000000e+03 1.415000000000000000e+03 2.748000000000000000e+03 5.267467248908297428e-01 5.684133915574963725e-01 5.149199417758369979e-01
6.586914062500000000e-01 1.546000000000000000e+03 2.748000000000000000e+03 1.396000000000000000e+03 2.748000000000000000e+03 5.272925764192140097e-01 5.625909752547306741e-01 5.080058224163027658e-01
6.635742187500000000e-01 1.525000000000000000e+03 2.748000000000000000e+03 1.365000000000000000e+03 2.748000000000000000e+03 5.291120815138282696e-01 5.549490538573508269e-01 4.967248908296943433e-01
6.684570312500000000e-01 1.510000000000000000e+03 2.748000000000000000e+03 1.338000000000000000e+03 2.748000000000000000e+03 5.312954876273653371e-01 5.494905385735080472e-01 4.868995633187773175e-01
6.733398437500000000e-01 1.487000000000000000e+03 2.748000000000000000e+03 1.307000000000000000e+03 2.748000000000000000e+03 5.327510917030567894e-01 5.411208151382823628e-01 4.756186317321688395e-01
6.782226562500000000e-01 1.464000000000000000e+03 2.748000000000000000e+03 1.278000000000000000e+03 2.748000000000000000e+03 5.338427947598253231e-01 5.327510917030567894e-01 4.650655021834060876e-01
6.831054687500000000e-01 1.451000000000000000e+03 2.748000000000000000e+03 1.250000000000000000e+03 2.748000000000000000e+03 5.365720524017467685e-01 5.280203784570596248e-01 4.548762736535662543e-01
6.879882812500000000e-01 1.440000000000000000e+03 2.748000000000000000e+03 1.219000000000000000e+03 2.748000000000000000e+03 5.402110625909752883e-01 5.240174672489082974e-01 4.435953420669577763e-01
6.928710937500000000e-01 1.427000000000000000e+03 2.748000000000000000e+03 1.194000000000000000e+03 2.748000000000000000e+03 5.423944687045123558e-01 5.192867540029112439e-01 4.344978165938864767e-01
6.977539062500000000e-01 1.411000000000000000e+03 2.748000000000000000e+03 1.165000000000000000e+03 2.748000000000000000e+03 5.447598253275108826e-01 5.134643377001455455e-01 4.239446870451237248e-01
7.026367187500000000e-01 1.388000000000000000e+03 2.748000000000000000e+03 1.136000000000000000e+03 2.748000000000000000e+03 5.458515283842795274e-01 5.050946142649199722e-01 4.133915574963609729e-01
7.075195312500000000e-01 1.368000000000000000e+03 2.748000000000000000e+03 1.107000000000000000e+03 2.748000000000000000e+03 5.474890829694323280e-01 4.978165938864628770e-01 4.028384279475982765e-01
7.124023437500000000e-01 1.351000000000000000e+03 2.748000000000000000e+03 1.071000000000000000e+03 2.748000000000000000e+03 5.509461426491993885e-01 4.916302765647743711e-01 3.897379912663755386e-01
7.172851562500000000e-01 1.333000000000000000e+03 2.748000000000000000e+03 1.047000000000000000e+03 2.748000000000000000e+03 5.520378457059679222e-01 4.850800582241630021e-01 3.810043668122270466e-01
7.221679687500000000e-01 1.309000000000000000e+03 2.748000000000000000e+03 1.016000000000000000e+03 2.748000000000000000e+03 5.533114992721979153e-01 4.763464337700145657e-01 3.697234352256186241e-01
7.270507812500000000e-01 1.291000000000000000e+03 2.748000000000000000e+03 9.870000000000000000e+02 2.748000000000000000e+03 5.553129548762736345e-01 4.697962154294031967e-01 3.591703056768558722e-01
7.319335937500000000e-01 1.278000000000000000e+03 2.748000000000000000e+03 9.560000000000000000e+02 2.748000000000000000e+03 5.585880640465793467e-01 4.650655021834060876e-01 3.478893740902474496e-01
7.368164062500000000e-01 1.262000000000000000e+03 2.748000000000000000e+03 9.160000000000000000e+02 2.748000000000000000e+03 5.629548762736535927e-01 4.592430858806404448e-01 3.333333333333333148e-01
7.416992187500000000e-01 1.242000000000000000e+03 2.748000000000000000e+03 8.820000000000000000e+02 2.748000000000000000e+03 5.655021834061135788e-01 4.519650655021834051e-01 3.209606986899563585e-01
7.465820312500000000e-01 1.217000000000000000e+03 2.748000000000000000e+03 8.410000000000000000e+02 2.748000000000000000e+03 5.684133915574963725e-01 4.428675400291121056e-01 3.060407569141193607e-01
7.514648437500000000e-01 1.199000000000000000e+03 2.748000000000000000e+03 8.070000000000000000e+02 2.748000000000000000e+03 5.713245997088791661e-01 4.363173216885007366e-01 2.936681222707423489e-01
7.563476562500000000e-01 1.172000000000000000e+03 2.748000000000000000e+03 7.710000000000000000e+02 2.748000000000000000e+03 5.729621542940320778e-01 4.264919941775837109e-01 2.805676855895196664e-01
7.612304687500000000e-01 1.154000000000000000e+03 2.748000000000000000e+03 7.440000000000000000e+02 2.748000000000000000e+03 5.745997088791848784e-01 4.199417758369723419e-01 2.707423580786026407e-01
7.661132812500000000e-01 1.128000000000000000e+03 2.748000000000000000e+03 7.160000000000000000e+02 2.748000000000000000e+03 5.749636098981076859e-01 4.104803493449781793e-01 2.605531295487627519e-01
7.709960937500000000e-01 1.100000000000000000e+03 2.748000000000000000e+03 6.790000000000000000e+02 2.748000000000000000e+03 5.766011644832605976e-01 4.002911208151382905e-01 2.470887918486171786e-01
7.758789062500000000e-01 1.074000000000000000e+03 2.748000000000000000e+03 6.450000000000000000e+02 2.748000000000000000e+03 5.780567685589519389e-01 3.908296943231441278e-01 2.347161572052401668e-01
7.807617187500000000e-01 1.051000000000000000e+03 2.748000000000000000e+03 6.140000000000000000e+02 2.748000000000000000e+03 5.795123726346433912e-01 3.824599708879184989e-01 2.234352256186317442e-01
7.856445312500000000e-01 1.022000000000000000e+03 2.748000000000000000e+03 5.830000000000000000e+02 2.748000000000000000e+03 5.798762736535661988e-01 3.719068413391557471e-01 2.121542940320232939e-01
7.905273437500000000e-01 1.003000000000000000e+03 2.748000000000000000e+03 5.470000000000000000e+02 2.748000000000000000e+03 5.829694323144104517e-01 3.649927219796215705e-01 1.990538573508005837e-01
7.954101562500000000e-01 9.800000000000000000e+02 2.748000000000000000e+03 5.230000000000000000e+02 2.748000000000000000e+03 5.831513828238719110e-01 3.566229985443959416e-01 1.903202328966521195e-01
8.002929687500000000e-01 9.600000000000000000e+02 2.748000000000000000e+03 5.000000000000000000e+02 2.748000000000000000e+03 5.836972343522561779e-01 3.493449781659388464e-01 1.819505094614264906e-01
8.051757812500000000e-01 9.290000000000000000e+02 2.748000000000000000e+03 4.640000000000000000e+02 2.748000000000000000e+03 5.846069868995633634e-01 3.380640465793304239e-01 1.688500727802037804e-01
8.100585937500000000e-01 9.040000000000000000e+02 2.748000000000000000e+03 4.370000000000000000e+02 2.748000000000000000e+03 5.849708879184861710e-01 3.289665211062591244e-01 1.590247452692867547e-01
8.149414062500000000e-01 8.830000000000000000e+02 2.748000000000000000e+03 4.010000000000000000e+02 2.748000000000000000e+03 5.877001455604076163e-01 3.213245997088791661e-01 1.459243085880640445e-01
8.198242187500000000e-01 8.440000000000000000e+02 2.748000000000000000e+03 3.750000000000000000e+02 2.748000000000000000e+03 5.853347889374089785e-01 3.071324599708878944e-01 1.364628820960698818e-01
8.247070312500000000e-01 8.170000000000000000e+02 2.748000000000000000e+03 3.450000000000000000e+02 2.748000000000000000e+03 5.858806404657933564e-01 2.973071324599708687e-01 1.255458515283842669e-01
8.295898437500000000e-01 7.860000000000000000e+02 2.748000000000000000e+03 3.140000000000000000e+02 2.748000000000000000e+03 5.858806404657933564e-01 2.860262008733624461e-01 1.142649199417758304e-01
8.344726562500000000e-01 7.520000000000000000e+02 2.748000000000000000e+03 2.840000000000000000e+02 2.748000000000000000e+03 5.851528384279476303e-01 2.736535662299854343e-01 1.033478893740902432e-01
8.393554687500000000e-01 7.100000000000000000e+02 2.748000000000000000e+03 2.550000000000000000e+02 2.748000000000000000e+03 5.827874818049491035e-01 2.583697234352256289e-01 9.279475982532750522e-02
8.442382812500000000e-01 6.800000000000000000e+02 2.748000000000000000e+03 2.320000000000000000e+02 2.748000000000000000e+03 5.815138282387191104e-01 2.474526928675400417e-01 8.442503639010189020e-02
8.491210937500000000e-01 6.430000000000000000e+02 2.748000000000000000e+03 2.010000000000000000e+02 2.748000000000000000e+03 5.804221251819504657e-01 2.339883551673944684e-01 7.314410480349345378e-02
8.540039062500000000e-01 6.140000000000000000e+02 2.748000000000000000e+03 1.720000000000000000e+02 2.748000000000000000e+03 5.804221251819504657e-01 2.234352256186317442e-01 6.259097525473071577e-02
8.588867187500000000e-01 5.840000000000000000e+02 2.748000000000000000e+03 1.500000000000000000e+02 2.748000000000000000e+03 5.789665211062591244e-01 2.125181950509461293e-01 5.458515283842794996e-02
8.637695312500000000e-01 5.500000000000000000e+02 2.748000000000000000e+03 1.360000000000000000e+02 2.748000000000000000e+03 5.753275109170306045e-01 2.001455604075691452e-01 4.949053857350800556e-02
8.686523437500000000e-01 5.200000000000000000e+02 2.748000000000000000e+03 1.160000000000000000e+02 2.748000000000000000e+03 5.735080058224163446e-01 1.892285298398835580e-01 4.221251819505094510e-02
8.735351562500000000e-01 4.950000000000000000e+02 2.748000000000000000e+03 9.800000000000000000e+01 2.748000000000000000e+03 5.722343522561863516e-01 1.801310043668122307e-01 3.566229985443959000e-02
8.784179687500000000e-01 4.660000000000000000e+02 2.748000000000000000e+03 7.900000000000000000e+01 2.748000000000000000e+03 5.704148471615720917e-01 1.695778748180494788e-01 2.874818049490538568e-02
8.833007812500000000e-01 4.310000000000000000e+02 2.748000000000000000e+03 6.300000000000000000e+01 2.748000000000000000e+03 5.669577874818049201e-01 1.568413391557496317e-01 2.292576419213973940e-02
8.881835937500000000e-01 3.940000000000000000e+02 2.748000000000000000e+03 5.200000000000000000e+01 2.748000000000000000e+03 5.622270742358078666e-01 1.433770014556040862e-01 1.892285298398835650e-02
8.930664062500000000e-01 3.560000000000000000e+02 2.748000000000000000e+03 3.900000000000000000e+01 2.748000000000000000e+03 5.576783114992721613e-01 1.295487627365356498e-01 1.419213973799126650e-02
