6.000976562500000000e-01 1.350000000000000000e+03 2.748000000000000000e+03 9.920000000000000000e+02 2.748000000000000000e+03 5.651382823871906602e-01 4.912663755458515080e-01 3.609898107714701876e-01
6.049804687500000000e-01 1.299000000000000000e+03 2.748000000000000000e+03 9.490000000000000000e+02 2.748000000000000000e+03 5.636826783114993189e-01 4.727074235807860458e-01 3.453420669577874635e-01
6.098632812500000000e-01 1.255000000000000000e+03 2.748000000000000000e+03 8.980000000000000000e+02 2.748000000000000000e+03 5.649563318777293119e-01 4.566957787481805142e-01 3.267831149927220014e-01
6.147460937500000000e-01 1.213000000000000000e+03 2.748000000000000000e+03 8.490000000000000000e+02 2.748000000000000000e+03 5.662299854439591940e-01 4.414119359534206533e-01 3.089519650655022098e-01
6.196289062500000000e-01 1.151000000000000000e+03 2.748000000000000000e+03 8.020000000000000000e+02 2.748000000000000000e+03 5.635007278020378596e-01 4.188500727802038082e-01 2.918486171761280890e-01
6.245117187500000000e-01 1.116000000000000000e+03 2.748000000000000000e+03 7.580000000000000000e+02 2.748000000000000000e+03 5.651382823871906602e-01 4.061135371179039333e-01 2.758369723435225573e-01
6.293945312500000000e-01 1.066000000000000000e+03 2.748000000000000000e+03 7.070000000000000000e+02 2.748000000000000000e+03 5.653202328966521195e-01 3.879184861717612787e-01 2.572780203784570396e-01
6.342773437500000000e-01 1.025000000000000000e+03 2.748000000000000000e+03 6.680000000000000000e+02 2.748000000000000000e+03 5.649563318777293119e-01 3.729985443959243363e-01 2.430858806404657957e-01
6.391601562500000000e-01 9.860000000000000000e+02 2.748000000000000000e+03 6.340000000000000000e+02 2.748000000000000000e+03 5.640465793304221265e-01 3.588064046579330646e-01 2.307132459970887839e-01
6.440429687500000000e-01 9.400000000000000000e+02 2.748000000000000000e+03 5.920000000000000000e+02 2.748000000000000000e+03 5.633187772925764003e-01 3.420669577874818068e-01 2.154294032023289784e-01
6.489257812500000000e-01 8.970000000000000000e+02 2.748000000000000000e+03 5.560000000000000000e+02 2.748000000000000000e+03 5.620451237263464073e-01 3.264192139737991383e-01 2.023289665211062682e-01
6.538085937500000000e-01 8.520000000000000000e+02 2.748000000000000000e+03 5.170000000000000000e+02 2.748000000000000000e+03 5.609534206695778735e-01 3.100436681222707436e-01 1.881368267831149965e-01
6.586914062500000000e-01 8.210000000000000000e+02 2.748000000000000000e+03 4.900000000000000000e+02 2.748000000000000000e+03 5.602256186317321474e-01 2.987627365356623210e-01 1.783114992721979708e-01
6.635742187500000000e-01 7.800000000000000000e+02 2.748000000000000000e+03 4.580000000000000000e+02 2.748000000000000000e+03 5.585880640465793467e-01 2.838427947598253231e-01 1.666666666666666574e-01
6.684570312500000000e-01 7.440000000000000000e+02 2.748000000000000000e+03 4.200000000000000000e+02 2.748000000000000000e+03 5.589519650655021543e-01 2.707423580786026407e-01 1.528384279475982488e-01
6.733398437500000000e-01 7.080000000000000000e+02 2.748000000000000000e+03 3.880000000000000000e+02 2.748000000000000000e+03 5.582241630276564281e-01 2.576419213973799027e-01 1.411935953420669632e-01
6.782226562500000000e-01 6.790000000000000000e+02 2.748000000000000000e+03 3.670000000000000000e+02 2.748000000000000000e+03 5.567685589519650868e-01 2.470887918486171786e-01 1.335516739446870327e-01
6.831054687500000000e-01 6.480000000000000000e+02 2.748000000000000000e+03 3.410000000000000000e+02 2.748000000000000000e+03 5.558588064046579014e-01 2.358078602620087283e-01 1.240902474526928700e-01
6.879882812500000000e-01 6.110000000000000000e+02 2.748000000000000000e+03 3.100000000000000000e+02 2.748000000000000000e+03 5.547671033478893676e-01 2.223435225618631828e-01 1.128093158660844197e-01
6.928710937500000000e-01 5.730000000000000000e+02 2.748000000000000000e+03 2.890000000000000000e+02 2.748000000000000000e+03 5.516739446870451147e-01 2.085152838427947464e-01 1.051673944687045170e-01
6.977539062500000000e-01 5.380000000000000000e+02 2.748000000000000000e+03 2.680000000000000000e+02 2.748000000000000000e+03 5.491266375545851286e-01 1.957787481804948992e-01 9.752547307132460042e-02
7.026367187500000000e-01 5.000000000000000000e+02 2.748000000000000000e+03 2.440000000000000000e+02 2.748000000000000000e+03 5.465793304221251425e-01 1.819505094614264906e-01 8.879184861717612232e-02
7.075195312500000000e-01 4.660000000000000000e+02 2.748000000000000000e+03 2.260000000000000000e+02 2.748000000000000000e+03 5.436681222707423489e-01 1.695778748180494788e-01 8.224163027656478109e-02
7.124023437500000000e-01 4.330000000000000000e+02 2.748000000000000000e+03 2.080000000000000000e+02 2.748000000000000000e+03 5.409388646288210145e-01 1.575691411935953301e-01 7.569141193595342598e-02
7.172851562500000000e-01 4.060000000000000000e+02 2.748000000000000000e+03 1.940000000000000000e+02 2.748000000000000000e+03 5.385735080058223767e-01 1.477438136826783044e-01 7.059679767103348158e-02
7.221679687500000000e-01 3.780000000000000000e+02 2.748000000000000000e+03 1.810000000000000000e+02 2.748000000000000000e+03 5.358442503639010424e-01 1.375545851528384156e-01 6.586608442503638638e-02
7.270507812500000000e-01 3.570000000000000000e+02 2.748000000000000000e+03 1.640000000000000000e+02 2.748000000000000000e+03 5.351164483260553162e-01 1.299126637554585129e-01 5.967976710334788742e-02
7.319335937500000000e-01 3.370000000000000000e+02 2.748000000000000000e+03 1.500000000000000000e+02 2.748000000000000000e+03 5.340247452692867824e-01 1.226346433770014593e-01 5.458515283842794996e-02
7.368164062500000000e-01 3.180000000000000000e+02 2.748000000000000000e+03 1.350000000000000000e+02 2.748000000000000000e+03 5.332969432314410563e-01 1.157205240174672550e-01 4.912663755458514941e-02
7.416992187500000000e-01 2.950000000000000000e+02 2.748000000000000000e+03 1.240000000000000000e+02 2.748000000000000000e+03 5.311135371179038778e-01 1.073508005822416261e-01 4.512372634643377345e-02
7.465820312500000000e-01 2.700000000000000000e+02 2.748000000000000000e+03 1.090000000000000000e+02 2.748000000000000000e+03 5.292940320232896179e-01 9.825327510917029883e-02 3.966521106259097290e-02
7.514648437500000000e-01 2.510000000000000000e+02 2.748000000000000000e+03 1.020000000000000000e+02 2.748000000000000000e+03 5.271106259097525504e-01 9.133915574963609452e-02 3.711790393013100764e-02
7.563476562500000000e-01 2.260000000000000000e+02 2.748000000000000000e+03 9.000000000000000000e+01 2.748000000000000000e+03 5.247452692867540236e-01 8.224163027656478109e-02 3.275109170305676859e-02
7.612304687500000000e-01 2.130000000000000000e+02 2.748000000000000000e+03 8.000000000000000000e+01 2.748000000000000000e+03 5.241994177583697567e-01 7.751091703056768589e-02 2.911208151382823836e-02
7.661132812500000000e-01 1.850000000000000000e+02 2.748000000000000000e+03 6.600000000000000000e+01 2.748000000000000000e+03 5.216521106259097706e-01 6.732168850072779709e-02 2.401746724890829743e-02
7.709960937500000000e-01 1.620000000000000000e+02 2.748000000000000000e+03 6.200000000000000000e+01 2.748000000000000000e+03 5.181950509461425991e-01 5.895196506550218207e-02 2.256186317321688672e-02
7.758789062500000000e-01 1.420000000000000000e+02 2.748000000000000000e+03 5.300000000000000000e+01 2.748000000000000000e+03 5.161935953420669909e-01 5.167394468704512162e-02 1.928675400291120917e-02
7.807617187500000000e-01 1.270000000000000000e+02 2.748000000000000000e+03 4.900000000000000000e+01 2.748000000000000000e+03 5.141921397379912717e-01 4.621542940320232801e-02 1.783114992721979500e-02
7.856445312500000000e-01 1.150000000000000000e+02 2.748000000000000000e+03 3.900000000000000000e+01 2.748000000000000000e+03 5.138282387190684641e-01 4.184861717612809590e-02 1.419213973799126650e-02
7.905273437500000000e-01 1.070000000000000000e+02 2.748000000000000000e+03 3.400000000000000000e+01 2.748000000000000000e+03 5.132823871906840862e-01 3.893740902474526755e-02 1.237263464337700139e-02
7.954101562500000000e-01 8.900000000000000000e+01 2.748000000000000000e+03 3.000000000000000000e+01 2.748000000000000000e+03 5.107350800582242112e-01 3.238719068413391244e-02 1.091703056768558895e-02
8.002929687500000000e-01 7.600000000000000000e+01 2.748000000000000000e+03 2.400000000000000000e+01 2.748000000000000000e+03 5.094614264919942181e-01 2.765647743813682766e-02 8.733624454148471161e-03
8.051757812500000000e-01 6.400000000000000000e+01 2.748000000000000000e+03 2.000000000000000000e+01 2.748000000000000000e+03 5.080058224163027658e-01 2.328966521106259208e-02 7.278020378457059590e-03
8.100585937500000000e-01 6.000000000000000000e+01 2.748000000000000000e+03 1.700000000000000000e+01 2.748000000000000000e+03 5.078238719068413065e-01 2.183406113537117790e-02 6.186317321688500695e-03
8.149414062500000000e-01 5.500000000000000000e+01 2.748000000000000000e+03 1.400000000000000000e+01 2.748000000000000000e+03 5.074599708879184989e-01 2.001455604075691452e-02 5.094614264919941800e-03
8.198242187500000000e-01 4.700000000000000000e+01 2.748000000000000000e+03 1.100000000000000000e+01 2.748000000000000000e+03 5.065502183406113135e-01 1.710334788937408965e-02 4.002911208151382905e-03
8.247070312500000000e-01 4.400000000000000000e+01 2.748000000000000000e+03 8.000000000000000000e+00 2.748000000000000000e+03 5.065502183406113135e-01 1.601164483260553162e-02 2.911208151382824010e-03
8.295898437500000000e-01 3.700000000000000000e+01 2.748000000000000000e+03 7.000000000000000000e+00 2.748000000000000000e+03 5.054585152838427797e-01 1.346433770014556115e-02 2.547307132459970900e-03
8.344726562500000000e-01 3.000000000000000000e+01 2.748000000000000000e+03 6.000000000000000000e+00 2.748000000000000000e+03 5.043668122270742460e-01 1.091703056768558895e-02 2.183406113537117790e-03
8.393554687500000000e-01 2.400000000000000000e+01 2.748000000000000000e+03 4.000000000000000000e+00 2.748000000000000000e+03 5.036390101892285198e-01 8.733624454148471161e-03 1.455604075691412005e-03
8.442382812500000000e-01 2.100000000000000000e+01 2.748000000000000000e+03 4.000000000000000000e+00 2.748000000000000000e+03 5.030931586608442529e-01 7.641921397379912266e-03 1.455604075691412005e-03
8.491210937500000000e-01 1.600000000000000000e+01 2.748000000000000000e+03 2.000000000000000000e+00 2.748000000000000000e+03 5.025473071324599861e-01 5.822416302765648019e-03 7.278020378457060024e-04
8.540039062500000000e-01 1.200000000000000000e+01 2.748000000000000000e+03 1.000000000000000000e+00 2.748000000000000000e+03 5.020014556040757192e-01 4.366812227074235581e-03 3.639010189228530012e-04
8.588867187500000000e-01 1.000000000000000000e+01 2.748000000000000000e+03 1.000000000000000000e+00 2.748000000000000000e+03 5.016375545851528006e-01 3.639010189228529795e-03 3.639010189228530012e-04
8.637695312500000000e-01 7.000000000000000000e+00 2.748000000000000000e+03 1.000000000000000000e+00 2.748000000000000000e+03 5.010917030567685337e-01 2.547307132459970900e-03 3.639010189228530012e-04
8.686523437500000000e-01 5.000000000000000000e+00 2.748000000000000000e+03 1.000000000000000000e+00 2.748000000000000000e+03 5.007278020378457262e-01 1.819505094614264898e-03 3.639010189228530012e-04
8.735351562500000000e-01 4.000000000000000000e+00 2.748000000000000000e+03 1.000000000000000000e+00 2.748000000000000000e+03 5.005458515283842669e-01 1.455604075691412005e-03 3.639010189228530012e-04
8.784179687500000000e-01 4.000000000000000000e+00 2.748000000000000000e+03 1.000000000000000000e+00 2.748000000000000000e+03 5.005458515283842669e-01 1.455604075691412005e-03 3.639010189228530012e-04
8.833007812500000000e-01 3.000000000000000000e+00 2.748000000000000000e+03 0.000000000000000000e+00 2.748000000000000000e+03 5.005458515283842669e-01 1.091703056768558895e-03 0.000000000000000000e+00
8.881835937500000000e-01 3.000000000000000000e+00 2.748000000000000000e+03 0.000000000000000000e+00 2.748000000000000000e+03 5.005458515283842669e-01 1.091703056768558895e-03 0.000000000000000000e+00
8.930664062500000000e-01 2.000000000000000000e+00 2.748000000000000000e+03 0.000000000000000000e+00 2.748000000000000000e+03 5.003639010189228076e-01 7.278020378457060024e-04 0.000000000000000000e+00
