3.999023437500000000e-01 2.748000000000000000e+03 2.748000000000000000e+03 2.748000000000000000e+03 2.748000000000000000e+03 5.000000000000000000e-01 1.000000000000000000e+00 1.000000000000000000e+00
4.050292968750000000e-01 2.748000000000000000e+03 2.748000000000000000e+03 2.748000000000000000e+03 2.748000000000000000e+03 5.000000000000000000e-01 1.000000000000000000e+00 1.000000000000000000e+00
4.101562500000000000e-01 2.748000000000000000e+03 2.748000000000000000e+03 2.748000000000000000e+03 2.748000000000000000e+03 5.000000000000000000e-01 1.000000000000000000e+00 1.000000000000000000e+00
4.152832031250000000e-01 2.748000000000000000e+03 2.748000000000000000e+03 2.748000000000000000e+03 2.748000000000000000e+03 5.000000000000000000e-01 1.000000000000000000e+00 1.000000000000000000e+00
4.204101562500000000e-01 2.748000000000000000e+03 2.748000000000000000e+03 2.748000000000000000e+03 2.748000000000000000e+03 5.000000000000000000e-01 1.000000000000000000e+00 1.000000000000000000e+00
4.255371093750000000e-01 2.747000000000000000e+03 2.748000000000000000e+03 2.748000000000000000e+03 2.748000000000000000e+03 4.998180494905385962e-01 9.996360989810771924e-01 1.000000000000000000e+00
4.306640625000000000e-01 2.747000000000000000e+03 2.748000000000000000e+03 2.748000000000000000e+03 2.748000000000000000e+03 4.998180494905385962e-01 9.996360989810771924e-01 1.000000000000000000e+00
4.357910156250000000e-01 2.747000000000000000e+03 2.748000000000000000e+03 2.747000000000000000e+03 2.748000000000000000e+03 5.000000000000000000e-01 9.996360989810771924e-01 9.996360989810771924e-01
4.409179687500000000e-01 2.747000000000000000e+03 2.748000000000000000e+03 2.747000000000000000e+03 2.748000000000000000e+03 5.000000000000000000e-01 9.996360989810771924e-01 9.996360989810771924e-01
4.460449218750000000e-01 2.747000000000000000e+03 2.748000000000000000e+03 2.746000000000000000e+03 2.748000000000000000e+03 5.001819505094614593e-01 9.996360989810771924e-01 9.992721979621542738e-01
4.511718750000000000e-01 2.747000000000000000e+03 2.748000000000000000e+03 2.745000000000000000e+03 2.748000000000000000e+03 5.003639010189228076e-01 9.996360989810771924e-01 9.989082969432314663e-01
4.562988281250000000e-01 2.747000000000000000e+03 2.748000000000000000e+03 2.744000000000000000e+03 2.748000000000000000e+03 5.005458515283842669e-01 9.996360989810771924e-01 9.985443959243085477e-01
4.614257812500000000e-01 2.747000000000000000e+03 2.748000000000000000e+03 2.743000000000000000e+03 2.748000000000000000e+03 5.007278020378457262e-01 9.996360989810771924e-01 9.981804949053857401e-01
4.665527343750000000e-01 2.746000000000000000e+03 2.748000000000000000e+03 2.741000000000000000e+03 2.748000000000000000e+03 5.009097525473071855e-01 9.992721979621542738e-01 9.974526928675400139e-01
4.716796875000000000e-01 2.746000000000000000e+03 2.748000000000000000e+03 2.741000000000000000e+03 2.748000000000000000e+03 5.009097525473071855e-01 9.992721979621542738e-01 9.974526928675400139e-01
4.768066406250000000e-01 2.746000000000000000e+03 2.748000000000000000e+03 2.739000000000000000e+03 2.748000000000000000e+03 5.012736535662299930e-01 9.992721979621542738e-01 9.967248908296942878e-01
4.819335937500000000e-01 2.745000000000000000e+03 2.748000000000000000e+03 2.737000000000000000e+03 2.748000000000000000e+03 5.014556040756914523e-01 9.989082969432314663e-01 9.959970887918486726e-01
4.870605468750000000e-01 2.745000000000000000e+03 2.748000000000000000e+03 2.735000000000000000e+03 2.748000000000000000e+03 5.018195050946142599e-01 9.989082969432314663e-01 9.952692867540029464e-01
4.921875000000000000e-01 2.743000000000000000e+03 2.748000000000000000e+03 2.729000000000000000e+03 2.748000000000000000e+03 5.025473071324599861e-01 9.981804949053857401e-01 9.930858806404657679e-01
4.973144531250000000e-01 2.741000000000000000e+03 2.748000000000000000e+03 2.725000000000000000e+03 2.748000000000000000e+03 5.029112081513827937e-01 9.974526928675400139e-01 9.916302765647744266e-01
5.024414062500000000e-01 2.737000000000000000e+03 2.748000000000000000e+03 2.722000000000000000e+03 2.748000000000000000e+03 5.027292576419214454e-01 9.959970887918486726e-01 9.905385735080057819e-01
5.078125000000000000e-01 2.734000000000000000e+03 2.748000000000000000e+03 2.718000000000000000e+03 2.748000000000000000e+03 5.029112081513827937e-01 9.949053857350800278e-01 9.890829694323144405e-01
5.126953125000000000e-01 2.733000000000000000e+03 2.748000000000000000e+03 2.714000000000000000e+03 2.748000000000000000e+03 5.034570596797670605e-01 9.945414847161572203e-01 9.876273653566229882e-01
5.175781250000000000e-01 2.731000000000000000e+03 2.748000000000000000e+03 2.705000000000000000e+03 2.748000000000000000e+03 5.047307132459970536e-01 9.938136826783114941e-01 9.843522561863172760e-01
5.229492187500000000e-01 2.728000000000000000e+03 2.748000000000000000e+03 2.695000000000000000e+03 2.748000000000000000e+03 5.060043668122270466e-01 9.927219796215429604e-01 9.807132459970887561e-01
5.283203125000000000e-01 2.722000000000000000e+03 2.748000000000000000e+03 2.690000000000000000e+03 2.748000000000000000e+03 5.058224163027656983e-01 9.905385735080057819e-01 9.788937409024744962e-01
5.332031250000000000e-01 2.720000000000000000e+03 2.748000000000000000e+03 2.684000000000000000e+03 2.748000000000000000e+03 5.065502183406113135e-01 9.898107714701601667e-01 9.767103347889374287e-01
5.380859375000000000e-01 2.709000000000000000e+03 2.748000000000000000e+03 2.679000000000000000e+03 2.748000000000000000e+03 5.054585152838427797e-01 9.858078602620087283e-01 9.748908296943231688e-01
5.434570312500000000e-01 2.706000000000000000e+03 2.748000000000000000e+03 2.668000000000000000e+03 2.748000000000000000e+03 5.069141193595342321e-01 9.847161572052401945e-01 9.708879184861717304e-01
5.488281250000000000e-01 2.699000000000000000e+03 2.748000000000000000e+03 2.649000000000000000e+03 2.748000000000000000e+03 5.090975254730712996e-01 9.821688500727802085e-01 9.639737991266376094e-01
5.537109375000000000e-01 2.686000000000000000e+03 2.748000000000000000e+03 2.638000000000000000e+03 2.748000000000000000e+03 5.087336244541484920e-01 9.774381368267831549e-01 9.599708879184861710e-01
5.585937500000000000e-01 2.678000000000000000e+03 2.748000000000000000e+03 2.621000000000000000e+03 2.748000000000000000e+03 5.103711790393012926e-01 9.745269286754002502e-01 9.537845705967976651e-01
5.639648437500000000e-01 2.668000000000000000e+03 2.748000000000000000e+03 2.603000000000000000e+03 2.748000000000000000e+03 5.118267831149927449e-01 9.708879184861717304e-01 9.472343522561863516e-01
5.693359375000000000e-01 2.652000000000000000e+03 2.748000000000000000e+03 2.588000000000000000e+03 2.748000000000000000e+03 5.116448326055312856e-01 9.650655021834061431e-01 9.417758369723435719e-01
5.742187500000000000e-01 2.640000000000000000e+03 2.748000000000000000e+03 2.569000000000000000e+03 2.748000000000000000e+03 5.129184861717612787e-01 9.606986899563318971e-01 9.348617176128093398e-01
5.791015625000000000e-01 2.630000000000000000e+03 2.748000000000000000e+03 2.560000000000000000e+03 2.748000000000000000e+03 5.127365356622998194e-01 9.570596797671033773e-01 9.315866084425036275e-01
5.844726562500000000e-01 2.614000000000000000e+03 2.748000000000000000e+03 2.535000000000000000e+03 2.748000000000000000e+03 5.143740902474527310e-01 9.512372634643376790e-01 9.224890829694323280e-01
5.898437500000000000e-01 2.596000000000000000e+03 2.748000000000000000e+03 2.502000000000000000e+03 2.748000000000000000e+03 5.171033478893740654e-01 9.446870451237263655e-01 9.104803493449781238e-01
5.947265625000000000e-01 2.579000000000000000e+03 2.748000000000000000e+03 2.479000000000000000e+03 2.748000000000000000e+03 5.181950509461425991e-01 9.385007278020378596e-01 9.021106259097525504e-01
5.996093750000000000e-01 2.560000000000000000e+03 2.748000000000000000e+03 2.453000000000000000e+03 2.748000000000000000e+03 5.194687045123725921e-01 9.315866084425036275e-01 8.926491994177583322e-01
6.049804687500000000e-01 2.533000000000000000e+03 2.748000000000000000e+03 2.430000000000000000e+03 2.748000000000000000e+03 5.187409024745269770e-01 9.217612809315866018e-01 8.842794759825327588e-01
6.103515625000000000e-01 2.507000000000000000e+03 2.748000000000000000e+03 2.402000000000000000e+03 2.748000000000000000e+03 5.191048034934497846e-01 9.122998544395923837e-01 8.740902474526928145e-01
6.152343750000000000e-01 2.489000000000000000e+03 2.748000000000000000e+03 2.376000000000000000e+03 2.748000000000000000e+03 5.205604075691412369e-01 9.057496360989810702e-01 8.646288209606987074e-01
6.201171875000000000e-01 2.462000000000000000e+03 2.748000000000000000e+03 2.348000000000000000e+03 2.748000000000000000e+03 5.207423580786025852e-01 8.959243085880640445e-01 8.544395924308587631e-01
6.254882812500000000e-01 2.436000000000000000e+03 2.748000000000000000e+03 2.318000000000000000e+03 2.748000000000000000e+03 5.214701601164483113e-01 8.864628820960698263e-01 8.435225618631732036e-01
6.308593750000000000e-01 2.399000000000000000e+03 2.748000000000000000e+03 2.289000000000000000e+03 2.748000000000000000e+03 5.200145560407568590e-01 8.729985443959242808e-01 8.329694323144104517e-01
6.357421875000000000e-01 2.372000000000000000e+03 2.748000000000000000e+03 2.255000000000000000e+03 2.748000000000000000e+03 5.212882096069868521e-01 8.631732168850072551e-01 8.205967976710334399e-01
6.406250000000000000e-01 2.342000000000000000e+03 2.748000000000000000e+03 2.216000000000000000e+03 2.748000000000000000e+03 5.229257641921397637e-01 8.522561863173216956e-01 8.064046579330421682e-01
6.459960937500000000e-01 2.318000000000000000e+03 2.748000000000000000e+03 2.168000000000000000e+03 2.748000000000000000e+03 5.272925764192140097e-01 8.435225618631732036e-01 7.889374090247452953e-01
6.513671875000000000e-01 2.283000000000000000e+03 2.748000000000000000e+03 2.140000000000000000e+03 2.748000000000000000e+03 5.260189228529840166e-01 8.307860262008733843e-01 7.787481804949053510e-01
6.562500000000000000e-01 2.249000000000000000e+03 2.748000000000000000e+03 2.099000000000000000e+03 2.748000000000000000e+03 5.272925764192140097e-01 8.184133915574963725e-01 7.638282387190684641e-01
6.611328125000000000e-01 2.218000000000000000e+03 2.748000000000000000e+03 2.053000000000000000e+03 2.748000000000000000e+03 5.300218340611353440e-01 8.071324599708878944e-01 7.470887918486172063e-01
6.665039062500000000e-01 2.186000000000000000e+03 2.748000000000000000e+03 2.003000000000000000e+03 2.748000000000000000e+03 5.332969432314410563e-01 7.954876273653566088e-01 7.288937409024744962e-01
6.718750000000000000e-01 2.145000000000000000e+03 2.748000000000000000e+03 1.953000000000000000e+03 2.748000000000000000e+03 5.349344978165938569e-01 7.805676855895196109e-01 7.106986899563318971e-01
6.767578125000000000e-01 2.103000000000000000e+03 2.748000000000000000e+03 1.911000000000000000e+03 2.748000000000000000e+03 5.349344978165938569e-01 7.652838427947598055e-01 6.954148471615720917e-01
6.816406250000000000e-01 2.065000000000000000e+03 2.748000000000000000e+03 1.869000000000000000e+03 2.748000000000000000e+03 5.356622998544395831e-01 7.514556040756914523e-01 6.801310043668121752e-01
6.870117187500000000e-01 2.032000000000000000e+03 2.748000000000000000e+03 1.820000000000000000e+03 2.748000000000000000e+03 5.385735080058223767e-01 7.394468704512372481e-01 6.622998544395923837e-01
6.923828125000000000e-01 1.969000000000000000e+03 2.748000000000000000e+03 1.760000000000000000e+03 2.748000000000000000e+03 5.380276564774381098e-01 7.165211062590974844e-01 6.404657933042212647e-01
6.972656250000000000e-01 1.926000000000000000e+03 2.748000000000000000e+03 1.707000000000000000e+03 2.748000000000000000e+03 5.398471615720523697e-01 7.008733624454148714e-01 6.211790393013100209e-01
7.021484375000000000e-01 1.888000000000000000e+03 2.748000000000000000e+03 1.665000000000000000e+03 2.748000000000000000e+03 5.405749636098980959e-01 6.870451237263464073e-01 6.058951965065502154e-01
7.075195312500000000e-01 1.847000000000000000e+03 2.748000000000000000e+03 1.606000000000000000e+03 2.748000000000000000e+03 5.438500727802038082e-01 6.721251819505094094e-01 5.844250363901019041e-01
7.128906250000000000e-01 1.805000000000000000e+03 2.748000000000000000e+03 1.549000000000000000e+03 2.748000000000000000e+03 5.465793304221251425e-01 6.568413391557496039e-01 5.636826783114993189e-01
7.177734375000000000e-01 1.761000000000000000e+03 2.748000000000000000e+03 1.501000000000000000e+03 2.748000000000000000e+03 5.473071324599708687e-01 6.408296943231440723e-01 5.462154294032023349e-01
7.226562500000000000e-01 1.706000000000000000e+03 2.748000000000000000e+03 1.456000000000000000e+03 2.748000000000000000e+03 5.454876273653566088e-01 6.208151382823872133e-01 5.298398835516739958e-01
7.280273437500000000e-01 1.656000000000000000e+03 2.748000000000000000e+03 1.393000000000000000e+03 2.748000000000000000e+03 5.478529839883551356e-01 6.026200873362445032e-01 5.069141193595342321e-01
7.333984375000000000e-01 1.611000000000000000e+03 2.748000000000000000e+03 1.343000000000000000e+03 2.748000000000000000e+03 5.487627365356623210e-01 5.862445414847161640e-01 4.887190684133915775e-01
7.382812500000000000e-01 1.560000000000000000e+03 2.748000000000000000e+03 1.295000000000000000e+03 2.748000000000000000e+03 5.482168850072780542e-01 5.676855895196506463e-01 4.712518195050945935e-01
7.431640625000000000e-01 1.526000000000000000e+03 2.748000000000000000e+03 1.252000000000000000e+03 2.748000000000000000e+03 5.498544395924308548e-01 5.553129548762736345e-01 4.556040756914119250e-01
7.485351562500000000e-01 1.479000000000000000e+03 2.748000000000000000e+03 1.192000000000000000e+03 2.748000000000000000e+03 5.522197962154293815e-01 5.382096069868995691e-01 4.337700145560407505e-01
7.539062500000000000e-01 1.439000000000000000e+03 2.748000000000000000e+03 1.150000000000000000e+03 2.748000000000000000e+03 5.525836972343523001e-01 5.236535662299854899e-01 4.184861717612809451e-01
7.587890625000000000e-01 1.400000000000000000e+03 2.748000000000000000e+03 1.093000000000000000e+03 2.748000000000000000e+03 5.558588064046579014e-01 5.094614264919942181e-01 3.977438136826783044e-01
7.636718750000000000e-01 1.353000000000000000e+03 2.748000000000000000e+03 1.037000000000000000e+03 2.748000000000000000e+03 5.574963609898108130e-01 4.923580786026200973e-01 3.773653566229985268e-01
7.690429687500000000e-01 1.307000000000000000e+03 2.748000000000000000e+03 9.890000000000000000e+02 2.748000000000000000e+03 5.578602620087336206e-01 4.756186317321688395e-01 3.598981077147015983e-01
7.744140625000000000e-01 1.275000000000000000e+03 2.748000000000000000e+03 9.340000000000000000e+02 2.748000000000000000e+03 5.620451237263464073e-01 4.639737991266375539e-01 3.398835516739446838e-01
7.792968750000000000e-01 1.244000000000000000e+03 2.748000000000000000e+03 8.840000000000000000e+02 2.748000000000000000e+03 5.655021834061135788e-01 4.526928675400291313e-01 3.216885007278020292e-01
7.841796875000000000e-01 1.210000000000000000e+03 2.748000000000000000e+03 8.400000000000000000e+02 2.748000000000000000e+03 5.673216885007278387e-01 4.403202328966521195e-01 3.056768558951964976e-01
7.895507812500000000e-01 1.168000000000000000e+03 2.748000000000000000e+03 7.890000000000000000e+02 2.748000000000000000e+03 5.689592430858806393e-01 4.250363901018922586e-01 2.871179039301309799e-01
7.949218750000000000e-01 1.134000000000000000e+03 2.748000000000000000e+03 7.290000000000000000e+02 2.748000000000000000e+03 5.736899563318776929e-01 4.126637554585153023e-01 2.652838427947598055e-01
7.998046875000000000e-01 1.096000000000000000e+03 2.748000000000000000e+03 6.850000000000000000e+02 2.748000000000000000e+03 5.747816593886463377e-01 3.988355167394468936e-01 2.492721979621543016e-01
8.046875000000000000e-01 1.058000000000000000e+03 2.748000000000000000e+03 6.450000000000000000e+02 2.748000000000000000e+03 5.751455604075691452e-01 3.850072780203784295e-01 2.347161572052401668e-01
8.100585937500000000e-01 1.017000000000000000e+03 2.748000000000000000e+03 5.940000000000000000e+02 2.748000000000000000e+03 5.769650655021834051e-01 3.700873362445414871e-01 2.161572052401746769e-01
8.154296875000000000e-01 9.720000000000000000e+02 2.748000000000000000e+03 5.430000000000000000e+02 2.748000000000000000e+03 5.780567685589519389e-01 3.537117903930130924e-01 1.975982532751091592e-01
8.203125000000000000e-01 9.340000000000000000e+02 2.748000000000000000e+03 4.970000000000000000e+02 2.748000000000000000e+03 5.795123726346433912e-01 3.398835516739446838e-01 1.808588064046579291e-01
8.251953125000000000e-01 8.950000000000000000e+02 2.748000000000000000e+03 4.420000000000000000e+02 2.748000000000000000e+03 5.824235807860261849e-01 3.256914119359534121e-01 1.608442503639010146e-01
8.305664062500000000e-01 8.510000000000000000e+02 2.748000000000000000e+03 3.830000000000000000e+02 2.748000000000000000e+03 5.851528384279476303e-01 3.096797671033478805e-01 1.393740902474527033e-01
8.359375000000000000e-01 8.090000000000000000e+02 2.748000000000000000e+03 3.310000000000000000e+02 2.748000000000000000e+03 5.869723435225618902e-01 2.943959243085880750e-01 1.204512372634643363e-01
8.408203125000000000e-01 7.730000000000000000e+02 2.748000000000000000e+03 2.800000000000000000e+02 2.748000000000000000e+03 5.897016011644832245e-01 2.812954876273653371e-01 1.018922852983988325e-01
8.457031250000000000e-01 7.370000000000000000e+02 2.748000000000000000e+03 2.470000000000000000e+02 2.748000000000000000e+03 5.891557496360989576e-01 2.681950509461426546e-01 8.988355167394468381e-02
8.510742187500000000e-01 6.940000000000000000e+02 2.748000000000000000e+03 2.100000000000000000e+02 2.748000000000000000e+03 5.880640465793304239e-01 2.525473071324599861e-01 7.641921397379912440e-02
8.564453125000000000e-01 6.460000000000000000e+02 2.748000000000000000e+03 1.720000000000000000e+02 2.748000000000000000e+03 5.862445414847161640e-01 2.350800582241630299e-01 6.259097525473071577e-02
8.613281250000000000e-01 6.030000000000000000e+02 2.748000000000000000e+03 1.480000000000000000e+02 2.748000000000000000e+03 5.827874818049491035e-01 2.194323144104803613e-01 5.385735080058224461e-02
8.662109375000000000e-01 5.550000000000000000e+02 2.748000000000000000e+03 1.310000000000000000e+02 2.748000000000000000e+03 5.771470160116448644e-01 2.019650655021834051e-01 4.767103347889373871e-02
8.715820312500000000e-01 5.010000000000000000e+02 2.748000000000000000e+03 1.010000000000000000e+02 2.748000000000000000e+03 5.727802037845706185e-01 1.823144104803493537e-01 3.675400291120815149e-02
8.769531250000000000e-01 4.430000000000000000e+02 2.748000000000000000e+03 7.600000000000000000e+01 2.748000000000000000e+03 5.667758369723435719e-01 1.612081513828238777e-01 2.765647743813682766e-02
8.818359375000000000e-01 4.040000000000000000e+02 2.748000000000000000e+03 5.900000000000000000e+01 2.748000000000000000e+03 5.627729257641921334e-01 1.470160116448326060e-01 2.147016011644832523e-02
8.867187500000000000e-01 3.670000000000000000e+02 2.748000000000000000e+03 4.000000000000000000e+01 2.748000000000000000e+03 5.594978165938864212e-01 1.335516739446870327e-01 1.455604075691411918e-02
8.920898437500000000e-01 3.290000000000000000e+02 2.748000000000000000e+03 3.600000000000000000e+01 2.748000000000000000e+03 5.533114992721979153e-01 1.197234352256186379e-01 1.310043668122270674e-02
8.974609375000000000e-01 2.860000000000000000e+02 2.748000000000000000e+03 2.200000000000000000e+01 2.748000000000000000e+03 5.480349344978165949e-01 1.040756914119359555e-01 8.005822416302765809e-03
9.023437500000000000e-01 2.600000000000000000e+02 2.748000000000000000e+03 1.500000000000000000e+01 2.748000000000000000e+03 5.445778748180495343e-01 9.461426491994177901e-02 5.458515283842794476e-03
9.072265625000000000e-01 2.300000000000000000e+02 2.748000000000000000e+03 9.000000000000000000e+00 2.748000000000000000e+03 5.402110625909752883e-01 8.369723435225619179e-02 3.275109170305676685e-03
