3.999023437500000000e-01 2.739000000000000000e+03 2.748000000000000000e+03 2.731000000000000000e+03 2.748000000000000000e+03 5.014556040756914523e-01 9.967248908296942878e-01 9.938136826783114941e-01
4.050292968750000000e-01 2.739000000000000000e+03 2.748000000000000000e+03 2.729000000000000000e+03 2.748000000000000000e+03 5.018195050946142599e-01 9.967248908296942878e-01 9.930858806404657679e-01
4.101562500000000000e-01 2.738000000000000000e+03 2.748000000000000000e+03 2.727000000000000000e+03 2.748000000000000000e+03 5.020014556040757192e-01 9.963609898107714802e-01 9.923580786026200418e-01
4.152832031250000000e-01 2.738000000000000000e+03 2.748000000000000000e+03 2.723000000000000000e+03 2.748000000000000000e+03 5.027292576419214454e-01 9.963609898107714802e-01 9.909024745269287004e-01
4.204101562500000000e-01 2.734000000000000000e+03 2.748000000000000000e+03 2.715000000000000000e+03 2.748000000000000000e+03 5.034570596797670605e-01 9.949053857350800278e-01 9.879912663755459068e-01
4.255371093750000000e-01 2.730000000000000000e+03 2.748000000000000000e+03 2.707000000000000000e+03 2.748000000000000000e+03 5.041848617176127867e-01 9.934497816593886865e-01 9.850800582241630021e-01
4.306640625000000000e-01 2.722000000000000000e+03 2.748000000000000000e+03 2.703000000000000000e+03 2.748000000000000000e+03 5.034570596797670605e-01 9.905385735080057819e-01 9.836244541484716608e-01
4.357910156250000000e-01 2.715000000000000000e+03 2.748000000000000000e+03 2.696000000000000000e+03 2.748000000000000000e+03 5.034570596797670605e-01 9.879912663755459068e-01 9.810771470160116747e-01
4.409179687500000000e-01 2.710000000000000000e+03 2.748000000000000000e+03 2.685000000000000000e+03 2.748000000000000000e+03 5.045487627365357053e-01 9.861717612809315359e-01 9.770742358078602363e-01
4.460449218750000000e-01 2.703000000000000000e+03 2.748000000000000000e+03 2.677000000000000000e+03 2.748000000000000000e+03 5.047307132459970536e-01 9.836244541484716608e-01 9.741630276564774427e-01
4.511718750000000000e-01 2.696000000000000000e+03 2.748000000000000000e+03 2.668000000000000000e+03 2.748000000000000000e+03 5.050946142649199722e-01 9.810771470160116747e-01 9.708879184861717304e-01
4.562988281250000000e-01 2.693000000000000000e+03 2.748000000000000000e+03 2.659000000000000000e+03 2.748000000000000000e+03 5.061863173216885059e-01 9.799854439592431410e-01 9.676128093158661292e-01
4.614257812500000000e-01 2.684000000000000000e+03 2.748000000000000000e+03 2.649000000000000000e+03 2.748000000000000000e+03 5.063682678311499652e-01 9.767103347889374287e-01 9.639737991266376094e-01
4.665527343750000000e-01 2.674000000000000000e+03 2.748000000000000000e+03 2.630000000000000000e+03 2.748000000000000000e+03 5.080058224163027658e-01 9.730713245997089089e-01 9.570596797671033773e-01
4.716796875000000000e-01 2.664000000000000000e+03 2.748000000000000000e+03 2.622000000000000000e+03 2.748000000000000000e+03 5.076419213973799582e-01 9.694323144104803891e-01 9.541484716157204726e-01
4.768066406250000000e-01 2.651000000000000000e+03 2.748000000000000000e+03 2.608000000000000000e+03 2.748000000000000000e+03 5.078238719068413065e-01 9.647016011644832245e-01 9.490538573508006115e-01
4.819335937500000000e-01 2.637000000000000000e+03 2.748000000000000000e+03 2.593000000000000000e+03 2.748000000000000000e+03 5.080058224163027658e-01 9.596069868995633634e-01 9.435953420669578318e-01
4.870605468750000000e-01 2.624000000000000000e+03 2.748000000000000000e+03 2.580000000000000000e+03 2.748000000000000000e+03 5.080058224163027658e-01 9.548762736535661988e-01 9.388646288209606672e-01
4.921875000000000000e-01 2.620000000000000000e+03 2.748000000000000000e+03 2.561000000000000000e+03 2.748000000000000000e+03 5.107350800582242112e-01 9.534206695778748575e-01 9.319505094614265461e-01
4.973144531250000000e-01 2.609000000000000000e+03 2.748000000000000000e+03 2.541000000000000000e+03 2.748000000000000000e+03 5.123726346433770118e-01 9.494177583697234191e-01 9.246724890829693955e-01
5.024414062500000000e-01 2.587000000000000000e+03 2.748000000000000000e+03 2.525000000000000000e+03 2.748000000000000000e+03 5.112809315866084781e-01 9.414119359534206533e-01 9.188500727802038082e-01
5.078125000000000000e-01 2.573000000000000000e+03 2.748000000000000000e+03 2.506000000000000000e+03 2.748000000000000000e+03 5.121906841339155525e-01 9.363173216885006811e-01 9.119359534206695761e-01
5.126953125000000000e-01 2.554000000000000000e+03 2.748000000000000000e+03 2.487000000000000000e+03 2.748000000000000000e+03 5.121906841339155525e-01 9.294032023289665601e-01 9.050218340611353440e-01
5.175781250000000000e-01 2.540000000000000000e+03 2.748000000000000000e+03 2.461000000000000000e+03 2.748000000000000000e+03 5.143740902474527310e-01 9.243085880640465879e-01 8.955604075691412369e-01
5.229492187500000000e-01 2.522000000000000000e+03 2.748000000000000000e+03 2.441000000000000000e+03 2.748000000000000000e+03 5.147379912663755386e-01 9.177583697234352744e-01 8.882823871906840862e-01
5.283203125000000000e-01 2.492000000000000000e+03 2.748000000000000000e+03 2.415000000000000000e+03 2.748000000000000000e+03 5.140101892285298124e-01 9.068413391557496039e-01 8.788209606986899791e-01
5.332031250000000000e-01 2.467000000000000000e+03 2.748000000000000000e+03 2.397000000000000000e+03 2.748000000000000000e+03 5.127365356622998194e-01 8.977438136826783044e-01 8.722707423580785546e-01
5.380859375000000000e-01 2.438000000000000000e+03 2.748000000000000000e+03 2.370000000000000000e+03 2.748000000000000000e+03 5.123726346433770118e-01 8.871906841339155525e-01 8.624454148471615289e-01
5.434570312500000000e-01 2.410000000000000000e+03 2.748000000000000000e+03 2.344000000000000000e+03 2.748000000000000000e+03 5.120087336244540932e-01 8.770014556040757192e-01 8.529839883551674218e-01
5.488281250000000000e-01 2.378000000000000000e+03 2.748000000000000000e+03 2.312000000000000000e+03 2.748000000000000000e+03 5.120087336244540932e-01 8.653566229985444336e-01 8.413391557496361362e-01
5.537109375000000000e-01 2.357000000000000000e+03 2.748000000000000000e+03 2.288000000000000000e+03 2.748000000000000000e+03 5.125545851528384711e-01 8.577147016011644753e-01 8.326055312954876442e-01
5.585937500000000000e-01 2.331000000000000000e+03 2.748000000000000000e+03 2.246000000000000000e+03 2.748000000000000000e+03 5.154657933042212647e-01 8.482532751091702572e-01 8.173216885007278387e-01
5.639648437500000000e-01 2.300000000000000000e+03 2.748000000000000000e+03 2.208000000000000000e+03 2.748000000000000000e+03 5.167394468704512578e-01 8.369723435225618902e-01 8.034934497816593746e-01
5.693359375000000000e-01 2.277000000000000000e+03 2.748000000000000000e+03 2.169000000000000000e+03 2.748000000000000000e+03 5.196506550218340514e-01 8.286026200873362058e-01 7.893013100436681029e-01
5.742187500000000000e-01 2.252000000000000000e+03 2.748000000000000000e+03 2.134000000000000000e+03 2.748000000000000000e+03 5.214701601164483113e-01 8.195050946142649062e-01 7.765647743813682835e-01
5.791015625000000000e-01 2.223000000000000000e+03 2.748000000000000000e+03 2.106000000000000000e+03 2.748000000000000000e+03 5.212882096069868521e-01 8.089519650655021543e-01 7.663755458515283392e-01
5.844726562500000000e-01 2.189000000000000000e+03 2.748000000000000000e+03 2.074000000000000000e+03 2.748000000000000000e+03 5.209243085880640445e-01 7.965793304221251425e-01 7.547307132459970536e-01
5.898437500000000000e-01 2.148000000000000000e+03 2.748000000000000000e+03 2.045000000000000000e+03 2.748000000000000000e+03 5.187409024745269770e-01 7.816593886462882557e-01 7.441775836972343017e-01
5.947265625000000000e-01 2.126000000000000000e+03 2.748000000000000000e+03 2.014000000000000000e+03 2.748000000000000000e+03 5.203784570596797776e-01 7.736535662299854899e-01 7.328966521106259346e-01
5.996093750000000000e-01 2.094000000000000000e+03 2.748000000000000000e+03 1.983000000000000000e+03 2.748000000000000000e+03 5.201965065502183183e-01 7.620087336244540932e-01 7.216157205240174566e-01
6.049804687500000000e-01 2.059000000000000000e+03 2.748000000000000000e+03 1.955000000000000000e+03 2.748000000000000000e+03 5.189228529839883253e-01 7.492721979621542738e-01 7.114264919941776233e-01
6.103515625000000000e-01 2.032000000000000000e+03 2.748000000000000000e+03 1.925000000000000000e+03 2.748000000000000000e+03 5.194687045123725921e-01 7.394468704512372481e-01 7.005094614264919528e-01
6.152343750000000000e-01 1.998000000000000000e+03 2.748000000000000000e+03 1.903000000000000000e+03 2.748000000000000000e+03 5.172852983988355247e-01 7.270742358078602363e-01 6.925036390101891870e-01
6.201171875000000000e-01 1.980000000000000000e+03 2.748000000000000000e+03 1.863000000000000000e+03 2.748000000000000000e+03 5.212882096069868521e-01 7.205240174672489228e-01 6.779475982532751077e-01
6.254882812500000000e-01 1.948000000000000000e+03 2.748000000000000000e+03 1.835000000000000000e+03 2.748000000000000000e+03 5.205604075691412369e-01 7.088791848617176372e-01 6.677583697234352744e-01
6.308593750000000000e-01 1.918000000000000000e+03 2.748000000000000000e+03 1.811000000000000000e+03 2.748000000000000000e+03 5.194687045123725921e-01 6.979621542940320778e-01 6.590247452692867824e-01
6.357421875000000000e-01 1.895000000000000000e+03 2.748000000000000000e+03 1.781000000000000000e+03 2.748000000000000000e+03 5.207423580786025852e-01 6.895924308588063933e-01 6.481077147016011120e-01
6.406250000000000000e-01 1.862000000000000000e+03 2.748000000000000000e+03 1.752000000000000000e+03 2.748000000000000000e+03 5.200145560407568590e-01 6.775836972343523001e-01 6.375545851528384711e-01
6.459960937500000000e-01 1.826000000000000000e+03 2.748000000000000000e+03 1.719000000000000000e+03 2.748000000000000000e+03 5.194687045123725921e-01 6.644832605531295622e-01 6.255458515283842669e-01
6.513671875000000000e-01 1.791000000000000000e+03 2.748000000000000000e+03 1.687000000000000000e+03 2.748000000000000000e+03 5.189228529839883253e-01 6.517467248908297428e-01 6.139010189228529812e-01
6.562500000000000000e-01 1.779000000000000000e+03 2.748000000000000000e+03 1.666000000000000000e+03 2.748000000000000000e+03 5.205604075691412369e-01 6.473799126637554968e-01 6.062590975254730230e-01
6.611328125000000000e-01 1.752000000000000000e+03 2.748000000000000000e+03 1.646000000000000000e+03 2.748000000000000000e+03 5.192867540029112439e-01 6.375545851528384711e-01 5.989810771470159834e-01
6.665039062500000000e-01 1.720000000000000000e+03 2.748000000000000000e+03 1.621000000000000000e+03 2.748000000000000000e+03 5.180131004366812508e-01 6.259097525473071855e-01 5.898835516739446838e-01
6.718750000000000000e-01 1.693000000000000000e+03 2.748000000000000000e+03 1.600000000000000000e+03 2.748000000000000000e+03 5.169213973799127171e-01 6.160844250363900487e-01 5.822416302765647256e-01
6.767578125000000000e-01 1.675000000000000000e+03 2.748000000000000000e+03 1.578000000000000000e+03 2.748000000000000000e+03 5.176491994177583322e-01 6.095342066957787353e-01 5.742358078602619598e-01
6.816406250000000000e-01 1.661000000000000000e+03 2.748000000000000000e+03 1.559000000000000000e+03 2.748000000000000000e+03 5.185589519650655177e-01 6.044395924308587631e-01 5.673216885007278387e-01
6.870117187500000000e-01 1.626000000000000000e+03 2.748000000000000000e+03 1.524000000000000000e+03 2.748000000000000000e+03 5.185589519650655177e-01 5.917030567685589437e-01 5.545851528384279083e-01
6.923828125000000000e-01 1.607000000000000000e+03 2.748000000000000000e+03 1.496000000000000000e+03 2.748000000000000000e+03 5.201965065502183183e-01 5.847889374090247117e-01 5.443959243085880750e-01
6.972656250000000000e-01 1.589000000000000000e+03 2.748000000000000000e+03 1.461000000000000000e+03 2.748000000000000000e+03 5.232896652110625713e-01 5.782387190684133982e-01 5.316593886462882557e-01
7.021484375000000000e-01 1.575000000000000000e+03 2.748000000000000000e+03 1.431000000000000000e+03 2.748000000000000000e+03 5.262008733624453649e-01 5.731441048034934260e-01 5.207423580786025852e-01
7.075195312500000000e-01 1.560000000000000000e+03 2.748000000000000000e+03 1.401000000000000000e+03 2.748000000000000000e+03 5.289301310043668103e-01 5.676855895196506463e-01 5.098253275109170257e-01
7.128906250000000000e-01 1.536000000000000000e+03 2.748000000000000000e+03 1.379000000000000000e+03 2.748000000000000000e+03 5.285662299854440027e-01 5.589519650655021543e-01 5.018195050946142599e-01
7.177734375000000000e-01 1.509000000000000000e+03 2.748000000000000000e+03 1.346000000000000000e+03 2.748000000000000000e+03 5.296579330422125365e-01 5.491266375545851286e-01 4.898107714701601112e-01
7.226562500000000000e-01 1.493000000000000000e+03 2.748000000000000000e+03 1.306000000000000000e+03 2.748000000000000000e+03 5.340247452692867824e-01 5.433042212518195413e-01 4.752547307132459764e-01
7.280273437500000000e-01 1.472000000000000000e+03 2.748000000000000000e+03 1.272000000000000000e+03 2.748000000000000000e+03 5.363901018922853092e-01 5.356622998544395831e-01 4.628820960698690201e-01
7.333984375000000000e-01 1.451000000000000000e+03 2.748000000000000000e+03 1.241000000000000000e+03 2.748000000000000000e+03 5.382096069868995691e-01 5.280203784570596248e-01 4.516011644832605421e-01
7.382812500000000000e-01 1.436000000000000000e+03 2.748000000000000000e+03 1.204000000000000000e+03 2.748000000000000000e+03 5.422125181950508965e-01 5.225618631732168451e-01 4.381368267831149965e-01
7.431640625000000000e-01 1.422000000000000000e+03 2.748000000000000000e+03 1.164000000000000000e+03 2.748000000000000000e+03 5.469432314410480611e-01 5.174672489082969840e-01 4.235807860262008617e-01
7.485351562500000000e-01 1.400000000000000000e+03 2.748000000000000000e+03 1.127000000000000000e+03 2.748000000000000000e+03 5.496724890829693955e-01 5.094614264919942181e-01 4.101164483260553162e-01
7.539062500000000000e-01 1.370000000000000000e+03 2.748000000000000000e+03 1.084000000000000000e+03 2.748000000000000000e+03 5.520378457059679222e-01 4.985443959243086032e-01 3.944687045123726477e-01
7.587890625000000000e-01 1.339000000000000000e+03 2.748000000000000000e+03 1.046000000000000000e+03 2.748000000000000000e+03 5.533114992721979153e-01 4.872634643377001251e-01 3.806404657933042390e-01
7.636718750000000000e-01 1.316000000000000000e+03 2.748000000000000000e+03 9.990000000000000000e+02 2.748000000000000000e+03 5.576783114992721613e-01 4.788937409024745517e-01 3.635371179039301182e-01
7.690429687500000000e-01 1.283000000000000000e+03 2.748000000000000000e+03 9.480000000000000000e+02 2.748000000000000000e+03 5.609534206695778735e-01 4.668850072780204030e-01 3.449781659388646560e-01
7.744140625000000000e-01 1.263000000000000000e+03 2.748000000000000000e+03 8.970000000000000000e+02 2.748000000000000000e+03 5.665938864628821126e-01 4.596069868995633079e-01 3.264192139737991383e-01
7.792968750000000000e-01 1.225000000000000000e+03 2.748000000000000000e+03 8.530000000000000000e+02 2.748000000000000000e+03 5.676855895196506463e-01 4.457787481804948992e-01 3.104075691411936067e-01
7.841796875000000000e-01 1.194000000000000000e+03 2.748000000000000000e+03 8.070000000000000000e+02 2.748000000000000000e+03 5.704148471615720917e-01 4.344978165938864767e-01 2.936681222707423489e-01
7.895507812500000000e-01 1.157000000000000000e+03 2.748000000000000000e+03 7.520000000000000000e+02 2.748000000000000000e+03 5.736899563318776929e-01 4.210334788937408756e-01 2.736535662299854343e-01
7.949218750000000000e-01 1.121000000000000000e+03 2.748000000000000000e+03 7.050000000000000000e+02 2.748000000000000000e+03 5.756914119359534121e-01 4.079330422125181932e-01 2.565502183406113690e-01
7.998046875000000000e-01 1.081000000000000000e+03 2.748000000000000000e+03 6.480000000000000000e+02 2.748000000000000000e+03 5.787845705967976651e-01 3.933770014556040584e-01 2.358078602620087283e-01
8.046875000000000000e-01 1.050000000000000000e+03 2.748000000000000000e+03 6.020000000000000000e+02 2.748000000000000000e+03 5.815138282387191104e-01 3.820960698689956359e-01 2.190684133915574983e-01
8.100585937500000000e-01 1.014000000000000000e+03 2.748000000000000000e+03 5.430000000000000000e+02 2.748000000000000000e+03 5.856986899563318971e-01 3.689956331877729534e-01 1.975982532751091592e-01
8.154296875000000000e-01 9.800000000000000000e+02 2.748000000000000000e+03 4.950000000000000000e+02 2.748000000000000000e+03 5.882459970887918832e-01 3.566229985443959416e-01 1.801310043668122307e-01
8.203125000000000000e-01 9.310000000000000000e+02 2.748000000000000000e+03 4.540000000000000000e+02 2.748000000000000000e+03 5.867903930131004309e-01 3.387918486171761501e-01 1.652110625909752606e-01
8.251953125000000000e-01 8.990000000000000000e+02 2.748000000000000000e+03 4.170000000000000000e+02 2.748000000000000000e+03 5.877001455604076163e-01 3.271470160116448089e-01 1.517467248908296873e-01
8.305664062500000000e-01 8.540000000000000000e+02 2.748000000000000000e+03 3.840000000000000000e+02 2.748000000000000000e+03 5.855167394468704378e-01 3.107714701601164697e-01 1.397379912663755386e-01
8.359375000000000000e-01 8.080000000000000000e+02 2.748000000000000000e+03 3.300000000000000000e+02 2.748000000000000000e+03 5.869723435225618902e-01 2.940320232896652120e-01 1.200873362445414871e-01
8.408203125000000000e-01 7.680000000000000000e+02 2.748000000000000000e+03 2.900000000000000000e+02 2.748000000000000000e+03 5.869723435225618902e-01 2.794759825327510772e-01 1.055312954876273662e-01
8.457031250000000000e-01 7.290000000000000000e+02 2.748000000000000000e+03 2.540000000000000000e+02 2.748000000000000000e+03 5.864264919941776233e-01 2.652838427947598055e-01 9.243085880640465601e-02
8.510742187500000000e-01 6.690000000000000000e+02 2.748000000000000000e+03 2.080000000000000000e+02 2.748000000000000000e+03 5.838791848617176372e-01 2.434497816593886588e-01 7.569141193595342598e-02
8.564453125000000000e-01 6.240000000000000000e+02 2.748000000000000000e+03 1.700000000000000000e+02 2.748000000000000000e+03 5.826055312954876442e-01 2.270742358078602641e-01 6.186317321688501042e-02
8.613281250000000000e-01 5.830000000000000000e+02 2.748000000000000000e+03 1.460000000000000000e+02 2.748000000000000000e+03 5.795123726346433912e-01 2.121542940320232939e-01 5.312954876273653232e-02
8.662109375000000000e-01 5.330000000000000000e+02 2.748000000000000000e+03 1.170000000000000000e+02 2.748000000000000000e+03 5.756914119359534121e-01 1.939592430858806393e-01 4.257641921397380125e-02
8.715820312500000000e-01 4.910000000000000000e+02 2.748000000000000000e+03 8.400000000000000000e+01 2.748000000000000000e+03 5.740538573508006115e-01 1.786754002911208061e-01 3.056768558951964906e-02
8.769531250000000000e-01 4.490000000000000000e+02 2.748000000000000000e+03 6.000000000000000000e+01 2.748000000000000000e+03 5.707787481804948992e-01 1.633915574963610007e-01 2.183406113537117790e-02
8.818359375000000000e-01 3.890000000000000000e+02 2.748000000000000000e+03 4.300000000000000000e+01 2.748000000000000000e+03 5.629548762736535927e-01 1.415574963609897985e-01 1.564774381368267894e-02
8.867187500000000000e-01 3.450000000000000000e+02 2.748000000000000000e+03 3.200000000000000000e+01 2.748000000000000000e+03 5.569505094614265461e-01 1.255458515283842669e-01 1.164483260553129604e-02
8.920898437500000000e-01 2.960000000000000000e+02 2.748000000000000000e+03 2.100000000000000000e+01 2.748000000000000000e+03 5.500363901018923141e-01 1.077147016011644892e-01 7.641921397379912266e-03
8.974609375000000000e-01 2.530000000000000000e+02 2.748000000000000000e+03 1.600000000000000000e+01 2.748000000000000000e+03 5.431222707423580820e-01 9.206695778748180681e-02 5.822416302765648019e-03
9.023437500000000000e-01 2.220000000000000000e+02 2.748000000000000000e+03 1.200000000000000000e+01 2.748000000000000000e+03 5.382096069868995691e-01 8.078602620087335651e-02 4.366812227074235581e-03
9.072265625000000000e-01 1.920000000000000000e+02 2.748000000000000000e+03 6.000000000000000000e+00 2.748000000000000000e+03 5.338427947598253231e-01 6.986899563318776929e-02 2.183406113537117790e-03
